Epoch	AverageEpRet	StdEpRet	MaxEpRet	MinEpRet	EpLen	AverageVVals	StdVVals	MaxVVals	MinVVals	TotalEnvInteracts	LossPi	LossV	DeltaLossPi	DeltaLossV	Entropy	KL	ClipFrac	StopIter	Time
0	128.51985	25.999327	159.18332	70.34896	500.0	30.646616	8.540498	45.11564	-2.335026	20000	6.5803527e-09	15.646944	-0.008193528	-0.32032967	0.48249063	0.0049847728	0.0453	79.0	57.91346001625061
1	131.5103	25.569044	165.01855	45.51434	500.0	30.77587	8.883145	45.18265	-4.600014	40000	-1.9168853e-08	20.741789	-0.0094987415	-0.4303398	0.48190078	0.00527304	0.04965	79.0	114.84406471252441
2	130.50752	25.083647	175.48134	60.887207	500.0	31.042587	8.063467	44.9607	3.2679708	60000	-7.2956086e-09	13.269609	-0.008552644	-0.22177505	0.48148614	0.004025255	0.042	79.0	173.02812004089355
3	128.05756	23.755491	166.66046	61.10528	500.0	30.460728	8.142861	45.096493	4.3336453	80000	1.37805936e-08	14.487224	-0.009855379	-0.28310204	0.48120975	0.006893103	0.047	79.0	231.00861072540283
4	137.75029	18.072256	169.87659	61.02855	500.0	31.299938	8.306721	45.084106	1.5013443	100000	-7.6293943e-10	17.92905	-0.009231449	-1.2447262	0.48054737	0.0034023414	0.04225	79.0	289.0974962711334
5	134.48799	21.374958	157.66795	57.306786	500.0	32.09638	7.732172	45.160736	-1.2747414	120000	1.1825562e-08	11.964323	-0.009702924	-0.38076496	0.4798103	0.0049155685	0.04595	79.0	345.94247245788574
6	131.18115	20.03859	157.47119	63.44169	500.0	31.286257	7.569744	45.14199	0.8118575	140000	-6.723404e-09	13.553172	-0.009376757	-0.39575195	0.47949278	0.005301693	0.0437	79.0	402.65589213371277
7	129.21037	27.237282	170.51338	50.729317	500.0	30.65254	7.777607	44.867607	4.3015966	160000	-2.1648408e-08	17.235918	-0.010203926	-0.4017582	0.47878724	0.005295362	0.05015	79.0	459.1190583705902
8	131.12785	19.24062	156.98582	73.76255	500.0	30.768963	7.4922667	45.04221	5.625603	180000	-4.053116e-09	12.261164	-0.009738515	-0.51622105	0.47816542	0.005916206	0.0495	79.0	516.807932138443
9	127.42958	21.58906	163.2098	73.07395	500.0	30.447546	7.759783	45.15723	8.227606	200000	5.722046e-10	16.809172	-0.010498877	-0.14740753	0.4773804	0.0061782175	0.06335	79.0	572.895388841629
10	135.44786	20.786432	172.87308	59.014854	500.0	31.534006	8.0469055	45.056686	-1.9556457	220000	1.935959e-08	14.415927	-0.009575652	-0.2680893	0.47689477	0.0055143093	0.0463	79.0	629.9060139656067
11	134.25475	20.133533	164.82501	58.209087	500.0	31.476234	8.194058	45.03453	3.3425586	240000	7.534027e-09	14.159	-0.009852542	-0.5836611	0.4764591	0.005235458	0.0395	79.0	684.4361996650696
12	134.71457	21.396105	163.25584	41.66688	500.0	31.91068	8.277991	45.132202	2.9102795	260000	1.0585785e-08	13.922766	-0.010767683	-0.20072079	0.47619274	0.0049028182	0.0493	79.0	739.5711908340454
13	124.21869	23.835648	157.2002	52.70618	500.0	30.648045	8.066112	44.75741	4.6217694	280000	-8.869171e-09	19.352753	-0.009850982	-1.7861576	0.47601238	0.0057984125	0.04345	79.0	793.8200135231018
14	128.74112	24.574528	157.83669	51.536022	500.0	30.105429	8.1059675	44.85082	3.0229652	300000	6.437302e-09	13.877622	-0.009851603	-0.2512064	0.47597638	0.0053163534	0.0481	79.0	847.4858887195587
15	124.94955	28.73688	162.29272	38.155716	500.0	29.876263	8.624974	44.66701	1.6808786	320000	-1.9073486e-10	17.50873	-0.010279318	-0.37527275	0.47557664	0.0050018835	0.048	79.0	901.1396977901459
16	128.08379	25.054674	161.76402	65.880394	500.0	30.039257	8.51434	44.67516	1.5918497	340000	8.630753e-09	14.408975	-0.009287516	-0.395257	0.47517407	0.00494878	0.0375	79.0	954.6278131008148
17	129.0302	24.206676	173.41481	59.913864	500.0	30.622463	8.05711	44.848965	2.7768798	360000	-6.5803527e-09	15.790953	-0.010275229	-0.19189644	0.47455466	0.006656962	0.05195	79.0	1008.5368967056274
18	135.13411	22.948626	166.57481	57.85669	500.0	31.209871	8.309551	45.23325	3.6566033	380000	2.670288e-09	16.18372	-0.010252811	-0.4952116	0.4741022	0.006379171	0.05415	79.0	1065.022686958313
19	127.24819	27.132683	174.48235	68.817406	500.0	30.632195	8.489417	45.146126	4.3858986	400000	-3.8146974e-09	16.232868	-0.009934691	-0.48344898	0.47389263	0.0037119186	0.0502	79.0	1121.3734076023102
20	129.75847	26.926651	164.88826	38.47178	500.0	30.070213	9.200602	44.859455	-3.3338268	420000	1.0299683e-08	13.0061865	-0.010435244	-0.29401684	0.47352597	0.0059103398	0.051	79.0	1179.0161521434784
21	132.68747	26.292109	169.54077	49.814934	500.0	30.821854	8.006863	44.996456	3.3993309	440000	1.7499923e-08	17.312464	-0.009247714	-0.7301693	0.4729211	0.0045913714	0.04315	79.0	1235.0531589984894
22	126.54529	28.619942	175.98605	75.98938	500.0	29.976318	9.09018	45.25196	-3.0490446	460000	1.8119812e-09	17.878984	-0.008980705	-0.5377617	0.47222924	0.004042866	0.038	79.0	1290.4568107128143
23	131.49667	21.433865	160.2465	60.88749	500.0	30.492388	8.885742	44.979565	-5.2491407	480000	-1.0204316e-08	13.251757	-0.0096701775	-0.23432732	0.4716292	0.0039846273	0.04435	79.0	1347.2113909721375
24	135.51863	24.535692	174.31471	85.16035	500.0	31.55688	8.621186	45.212166	2.408883	500000	7.05719e-09	16.76053	-0.009629477	-0.43351173	0.47114024	0.0042886697	0.0427	79.0	1401.6424117088318
25	132.53098	20.852139	178.07314	70.61849	500.0	31.529722	8.289584	45.22766	2.0613286	520000	-7.1525574e-10	16.333572	-0.0094000865	-0.5199175	0.47032452	0.0044042342	0.0476	79.0	1457.189920425415
26	127.383156	34.089508	169.53123	11.205619	500.0	30.435793	8.523488	45.07378	3.7465758	540000	-7.343292e-09	20.984163	-0.008895087	-1.0211182	0.4699419	0.004410829	0.0409	79.0	1512.7996492385864
27	130.4978	20.153408	160.59464	72.973045	500.0	30.49508	8.86523	45.088913	-5.5528812	560000	-4.9352646e-09	15.740175	-0.010145608	-1.2290125	0.4696922	0.003881503	0.04905	79.0	1568.3289647102356
28	129.30476	21.749567	160.75038	70.9227	500.0	30.529497	8.107931	45.233025	-2.9105825	580000	2.875328e-08	15.201044	-0.010161861	-0.35556316	0.46869344	0.0041568577	0.04935	79.0	1625.6226878166199
29	127.42952	24.666912	166.89854	67.355995	500.0	30.174366	7.839708	45.159977	5.125018	600000	1.9073486e-10	14.150954	-0.01059378	-0.23227024	0.46843636	0.004935347	0.0487	79.0	1680.0977203845978
30	134.12595	16.485365	175.43077	91.42384	500.0	31.182281	7.5937495	44.871918	5.1789856	620000	4.9591065e-09	10.470781	-0.009720966	-0.7763176	0.4678768	0.0053574257	0.04215	79.0	1734.6216819286346
31	130.08463	25.37088	159.87602	69.034874	500.0	31.04786	8.296723	45.172108	6.1262136	640000	3.8146972e-10	16.421288	-0.0094000725	-0.22027206	0.46721146	0.005209572	0.04705	79.0	1788.8738322257996
32	139.67664	9.625841	163.45155	118.373665	500.0	32.360813	7.448641	45.14039	8.460536	660000	5.722046e-09	8.899207	-0.010119997	-0.8490162	0.4674645	0.0054261186	0.047	79.0	1844.461941242218
33	124.474464	27.44725	160.00989	65.42975	500.0	30.749226	8.049477	44.88469	5.4744744	680000	1.2493134e-08	19.257757	-0.009288233	-1.6445751	0.46701428	0.005337831	0.0363	79.0	1900.2700860500336
34	127.223	21.528898	168.94267	69.989365	500.0	30.300594	8.055546	44.933533	3.7061644	700000	-3.0851364e-08	17.913034	-0.010218373	-0.84770966	0.4665986	0.0054977275	0.04785	79.0	1956.070101261139
35	131.66573	17.12734	156.56711	77.30912	500.0	30.156157	7.5638194	44.675014	-2.8278937	720000	-1.6784668e-08	13.199633	-0.009911387	-0.3259573	0.46624285	0.0040198523	0.04775	79.0	2014.1497721672058
36	128.84795	28.066654	156.94495	47.679146	500.0	30.238272	7.712636	44.755157	2.2367265	740000	6.365776e-09	16.02279	-0.010280493	-0.8961048	0.46602836	0.005546904	0.0482	79.0	2071.5997059345245
37	133.36478	24.319258	162.87793	57.682304	500.0	31.046375	7.860815	44.970764	4.6706734	760000	6.2942505e-09	14.297597	-0.009078776	-0.28531265	0.46530446	0.003029154	0.0362	79.0	2127.870836496353
38	126.3453	28.628016	160.01895	46.42066	500.0	30.357	8.457276	45.084034	4.5176525	780000	-1.0585785e-08	20.309809	-0.009491496	-0.69745636	0.46485412	0.0043959036	0.04895	79.0	2182.85875415802
39	131.35486	26.28845	168.57457	57.493427	500.0	30.487488	8.688903	45.257458	-4.887287	800000	-2.861023e-10	16.180885	-0.010200819	-0.4190569	0.46427536	0.0052286326	0.05135	79.0	2238.3914539813995
40	135.9655	16.287245	163.77257	76.09428	500.0	31.672691	7.9823217	45.094334	2.82502	820000	6.198883e-09	9.714863	-0.009917324	-0.40218163	0.4634925	0.005700465	0.04735	79.0	2294.2982199192047
41	123.86432	27.109545	156.25194	55.713352	500.0	30.48973	7.720165	45.00185	3.380104	840000	-5.2452087e-09	15.913667	-0.009839991	-1.4265261	0.4628688	0.0045563825	0.0432	79.0	2350.8320059776306
42	128.20166	23.01898	170.65811	71.791084	500.0	29.949717	8.250076	44.524765	1.5193546	860000	-1.335144e-09	15.179047	-0.009715231	-0.2972002	0.46264327	0.0054678577	0.04745	79.0	2406.5999584198
43	134.33595	25.477537	172.62503	51.183815	500.0	30.644194	8.980581	45.10195	-3.5511951	880000	-1.01089475e-08	16.331459	-0.01048351	-1.3743267	0.46253404	0.005267482	0.05335	79.0	2463.3341703414917
44	133.94885	30.445494	183.29256	56.622997	500.0	31.394325	8.792981	45.252872	-2.7051451	900000	1.01089475e-08	16.30272	-0.010426216	-0.28956223	0.4625795	0.004639138	0.0553	79.0	2519.7560210227966
45	135.59946	17.781952	166.1891	84.116264	500.0	31.905506	8.234332	45.186825	-1.6547585	920000	-9.059906e-09	12.076921	-0.010366224	-0.34623528	0.46248642	0.004197551	0.05085	79.0	2576.7720263004303
46	133.70718	25.128447	172.61784	30.805204	500.0	31.739876	8.000626	45.090736	-0.2883376	940000	-1.6212464e-09	13.815677	-0.010510419	-0.28621387	0.46196184	0.0053165616	0.048	79.0	2632.980819940567
47	127.09597	27.588379	165.26474	60.554974	500.0	30.686472	8.810454	45.22019	3.4739676	960000	-3.5762786e-09	17.746939	-0.009918465	-0.28899002	0.46160296	0.004961224	0.05015	79.0	2689.25306725502
48	133.57991	23.016684	173.23428	74.96718	500.0	31.16931	8.400835	45.115704	3.5360203	980000	-1.6069412e-08	15.059353	-0.009710434	-0.32301712	0.4612092	0.00496188	0.03985	79.0	2745.2593235969543
49	134.27031	26.238533	181.61519	49.10388	500.0	31.404066	8.399065	45.18099	-1.3741827	1000000	-1.6450882e-09	14.668158	-0.010606611	-0.5398321	0.46051577	0.004908598	0.04825	79.0	2800.6009011268616
50	131.83052	27.845098	172.84244	48.25874	500.0	31.567785	8.825044	45.27111	2.898866	1020000	-6.866455e-09	12.556014	-0.011011816	-0.24343014	0.45992896	0.0041458514	0.05425	79.0	2855.8395965099335
51	132.8577	23.413675	163.91145	62.24784	500.0	31.777712	8.532593	45.292255	5.0321407	1040000	1.7356873e-08	13.800881	-0.009999532	-0.2352686	0.45956954	0.0038470787	0.04625	79.0	2911.175649881363
52	127.564186	30.16736	176.80174	50.757137	500.0	31.11319	9.043019	45.192265	-2.3793843	1060000	-2.0837783e-08	19.418016	-0.009333859	-1.0304737	0.45926845	0.0038406074	0.039	79.0	2966.9350214004517
53	133.46426	30.504822	174.62512	43.88609	500.0	31.03074	9.117833	45.23596	-2.651178	1080000	1.592636e-08	16.504204	-0.009906983	-0.30539513	0.45906842	0.006115757	0.05145	79.0	3022.9307634830475
54	136.5726	25.096466	175.61717	50.732353	500.0	32.013714	8.319503	45.270134	3.928555	1100000	-3.0517577e-09	19.79057	-0.009828707	-0.47937965	0.45823234	0.00435879	0.04885	79.0	3080.8023998737335
55	136.30608	20.390388	166.22601	77.12659	500.0	31.862062	8.286544	45.289948	-3.606925	1120000	6.1511995e-09	13.988076	-0.009968681	-0.18997765	0.45781898	0.0039340346	0.0519	79.0	3138.090054512024
56	143.36179	15.134685	167.51065	94.91846	500.0	32.9297	7.7054915	45.23651	-7.827898	1140000	-2.4604798e-08	10.773893	-0.008488014	-0.8490515	0.45746344	0.0039863847	0.03935	79.0	3192.8900039196014
57	138.30856	25.67793	169.64333	70.613716	500.0	32.737686	8.310506	45.330273	-0.04399538	1160000	-1.0824204e-08	14.041283	-0.0105967065	-0.4436388	0.45703575	0.00588013	0.06135	79.0	3247.6766431331635
58	132.63956	23.148346	167.34645	63.45469	500.0	31.716494	8.5580015	45.340134	-3.1459234	1180000	4.9591065e-09	15.553153	-0.009860672	-0.4153204	0.45691592	0.004483291	0.04245	79.0	3304.386401414871
59	138.22296	22.538391	166.52211	71.52971	500.0	32.12529	8.049937	45.23008	5.3289843	1200000	-1.1515618e-08	16.894629	-0.008694378	-0.26148415	0.4569207	0.0026328622	0.0396	79.0	3361.1332681179047
60	134.39122	23.767729	173.7374	67.147835	500.0	31.963404	8.330421	45.410027	6.3100266	1220000	-1.1038781e-08	15.497014	-0.01081345	-0.4692812	0.45652524	0.0052966275	0.05125	79.0	3416.5201914310455
61	131.44353	24.420383	162.74818	57.67117	500.0	31.297443	8.049212	45.23214	3.7709625	1240000	-7.581711e-09	16.622456	-0.010863889	-0.6049156	0.45606062	0.003693062	0.05255	79.0	3473.0278511047363
62	135.47107	25.229574	175.24034	65.761604	500.0	31.071943	8.650073	45.361786	-4.382373	1260000	4.6253206e-09	16.41321	-0.009372245	-0.5595665	0.45581618	0.004704178	0.0337	79.0	3527.268077135086
63	136.96693	24.453896	170.32762	54.57762	500.0	32.121536	7.7880054	45.23976	7.2236643	1280000	2.4795532e-09	16.744797	-0.010115388	-0.51169395	0.45520237	0.004655006	0.05085	79.0	3581.993114233017
64	133.85217	31.93011	176.27362	22.747772	500.0	31.206135	8.395413	45.190834	3.54461	1300000	2.2888185e-09	16.760458	-0.009664953	-0.2944584	0.45443997	0.0049997987	0.0413	79.0	3635.492274284363
65	135.39194	23.784506	180.25508	82.53689	500.0	31.409412	8.375827	45.32447	1.4215004	1320000	-1.5068053e-08	14.985773	-0.009911325	-0.35590744	0.45395404	0.005628289	0.04865	79.0	3688.8712480068207
66	140.05591	19.463478	184.36874	97.6452	500.0	32.34419	8.197964	45.29175	-2.3324194	1340000	-1.2874604e-08	13.150748	-0.010742878	-0.53199196	0.4536617	0.0060247164	0.0473	79.0	3743.0327775478363
67	137.42007	22.185001	170.30449	74.22104	500.0	32.307262	7.634522	45.32352	6.210831	1360000	8.296967e-09	14.046456	-0.01016913	-0.24220657	0.4536701	0.005456253	0.0542	79.0	3797.7109813690186
68	127.77737	29.016138	163.63498	51.67391	500.0	30.998697	8.113946	45.48714	3.6985426	1380000	2.861023e-09	20.422516	-0.0094815	-0.8353615	0.4532826	0.0055312696	0.04955	79.0	3852.282208919525
69	137.73283	25.495504	164.19951	68.89709	500.0	31.53075	8.746011	45.39066	-4.769731	1400000	1.2874604e-09	16.446648	-0.009066148	-0.7872057	0.4525496	0.0047841673	0.04425	79.0	3906.3231995105743
70	135.69296	25.991482	171.87009	72.344124	500.0	31.919191	7.5547147	45.164703	5.493814	1420000	1.759529e-08	12.657428	-0.010080969	-0.21194649	0.4524875	0.0063113375	0.04475	79.0	3960.605168581009
71	131.42386	27.263405	184.62442	67.733665	500.0	31.301832	8.1271	45.460808	4.146873	1440000	-1.9073486e-10	16.37261	-0.009570801	-0.38414955	0.45220962	0.005208299	0.0498	79.0	4014.844834804535
72	128.43956	23.792198	158.2019	62.93345	500.0	30.27095	8.179537	45.03097	-4.014032	1460000	6.1511995e-09	16.250292	-0.009086825	-0.36005402	0.45205897	0.0029422625	0.0415	79.0	4068.307736158371
73	136.59065	26.023901	168.9886	47.341152	500.0	31.294834	7.9080634	45.131626	4.7865987	1480000	1.2397766e-09	15.093192	-0.009545469	-0.63138294	0.4520252	0.00412704	0.0403	79.0	4122.238686800003
74	126.494606	34.544037	185.1952	39.798923	500.0	30.325634	9.258508	45.449383	-3.7623909	1500000	1.2493134e-08	21.693518	-0.008635755	-1.1813297	0.45165074	0.0049177473	0.04015	79.0	4176.064607858658
75	134.72147	28.283926	179.57402	57.936035	500.0	31.131634	8.56765	45.38585	2.5627346	1520000	4.6253206e-09	15.134859	-0.010349939	-0.6007042	0.45146602	0.006242329	0.06115	79.0	4229.872176885605
76	128.0996	30.973553	165.76308	28.128832	500.0	30.3778	9.278621	45.254677	-4.5737486	1540000	1.5163423e-08	17.864931	-0.010440629	-0.5424919	0.45112404	0.0050229975	0.048	79.0	4283.594489812851
77	122.87394	31.544268	170.21545	53.04326	500.0	29.896856	9.045282	45.268166	4.8272552	1560000	7.534027e-09	19.813484	-0.009846328	-0.4009838	0.45070487	0.0038259488	0.0443	79.0	4337.442586660385
78	131.22038	30.522865	165.07199	20.266693	500.0	30.971813	8.946476	45.368114	4.9976244	1580000	6.008148e-09	14.453697	-0.009465766	-0.58512974	0.45005196	0.0040594675	0.04215	79.0	4391.079301595688
79	123.5526	31.094334	165.70192	51.83068	500.0	29.538712	9.957592	45.350216	-3.826826	1600000	-2.0980835e-09	25.360252	-0.009774969	-0.5055294	0.4496419	0.004827082	0.0448	79.0	4443.850266456604
80	133.46791	27.21146	177.59326	55.62453	500.0	31.014137	8.719603	45.476753	1.9499542	1620000	-6.3896177e-09	16.450615	-0.010079101	-0.96597767	0.4496774	0.0047366684	0.04085	79.0	4496.661932706833
81	130.80455	22.81757	161.35544	58.880543	500.0	31.358576	8.770852	45.374	5.3369493	1640000	-1.6880035e-08	16.165234	-0.010429566	-0.84978485	0.4492814	0.0054825484	0.049	79.0	4549.619339227676
82	125.35106	25.622488	155.1587	55.860466	500.0	30.215994	8.408113	45.302692	-2.4949155	1660000	-7.247925e-09	14.543953	-0.010341324	-0.74019337	0.44885436	0.006129554	0.0556	79.0	4602.467188119888
83	134.85521	24.436577	180.64897	65.48142	500.0	31.293247	8.178964	45.43504	6.274396	1680000	1.3923645e-08	13.337396	-0.010619936	-0.48067093	0.4487763	0.005844044	0.05805	79.0	4655.485463619232
84	129.95988	26.256218	185.55592	53.49132	500.0	31.186438	8.334095	45.286694	3.2483993	1700000	-9.63211e-09	17.466034	-0.010108959	-0.20412064	0.44816032	0.0056124474	0.05225	79.0	4708.904146432877
85	133.5364	25.482008	171.95287	73.58676	500.0	31.633715	7.936379	45.39856	3.6909895	1720000	-6.198883e-09	17.267029	-0.010621323	-0.32305908	0.44778126	0.0053170016	0.0565	79.0	4761.659939289093
86	134.77116	24.010742	167.87297	61.19249	500.0	31.355568	8.398986	45.31984	-3.062374	1740000	1.7166137e-09	13.589462	-0.009015188	-0.38379002	0.4475767	0.0035317277	0.03935	79.0	4814.38515996933
87	140.60127	15.591312	164.49269	91.89244	500.0	32.80281	7.571257	45.334267	7.7756853	1760000	7.820129e-09	8.8797865	-0.00942114	-0.25652504	0.4474498	0.0057956334	0.0358	79.0	4867.1827709674835
88	141.95105	20.032513	182.58888	87.885445	500.0	33.070633	7.808114	45.466465	-3.8305557	1780000	-7.247925e-09	10.831692	-0.010067095	-0.25752068	0.44722793	0.0043979455	0.04645	79.0	4919.9550104141235
89	135.42932	26.167948	185.06578	52.135883	500.0	32.38197	8.294058	45.428852	-3.6695662	1800000	-1.2397766e-09	17.747108	-0.009729894	-1.0706577	0.44674495	0.0047752485	0.04475	79.0	4972.900556564331
90	137.28731	20.906612	179.57684	73.640854	500.0	31.756676	7.7959995	45.470177	7.45603	1820000	-1.4305115e-10	11.768142	-0.008915236	-0.26762295	0.44636497	0.004975431	0.04555	79.0	5025.667825460434
91	133.67323	29.929338	175.42697	36.75253	500.0	31.796047	8.705257	45.384846	3.6097097	1840000	2.861023e-09	20.824936	-0.009443995	-0.8671131	0.44625348	0.0054043047	0.04895	79.0	5078.706586122513
92	134.26875	25.156345	164.39938	64.176125	500.0	31.263676	8.160531	45.140324	5.321577	1860000	-9.346008e-09	15.42235	-0.010620448	-0.63799953	0.4461741	0.0051659904	0.0576	79.0	5131.545439243317
93	136.40434	22.276913	172.04741	68.06117	500.0	31.618206	8.085074	45.43561	5.7561517	1880000	-4.386902e-09	14.1058035	-0.010007485	-1.3749933	0.4458205	0.0065833847	0.04285	79.0	5184.581995010376
94	127.90214	27.340576	169.81589	37.787556	500.0	31.373327	8.559855	45.467316	4.0868435	1900000	1.0967255e-08	17.556421	-0.010000383	-1.470871	0.44521004	0.0039531463	0.0461	79.0	5237.374400854111
95	128.61922	28.13388	163.47421	45.334583	500.0	30.440105	8.578383	45.30876	4.58214	1920000	1.1444092e-08	21.898659	-0.010278326	-0.37485313	0.44464856	0.004981748	0.043	79.0	5290.346326351166
96	133.44289	22.24386	172.26201	60.44214	500.0	30.701094	8.266027	45.30872	-2.746729	1940000	-7.534027e-09	15.7544985	-0.010088338	-0.37710667	0.44408157	0.00681279	0.05315	79.0	5343.311316013336
97	133.53873	17.529964	164.48267	101.838066	500.0	31.214096	7.713429	45.24959	-0.8696764	1960000	-3.9100647e-09	11.778091	-0.010362167	-0.23147297	0.44414765	0.0058376733	0.0418	79.0	5396.189942598343
98	140.977	14.27339	176.55943	87.02738	500.0	32.268173	7.279405	45.295914	5.7998557	1980000	-2.3841858e-08	9.188296	-0.010907974	-0.62028885	0.44374463	0.0051430115	0.05825	79.0	5448.938881158829
99	137.84213	20.075554	166.35304	72.49455	500.0	32.416836	7.862035	45.25475	4.01031	2000000	-1.7166137e-09	13.21616	-0.009893253	-0.34812832	0.443174	0.0057756607	0.04255	79.0	5501.69557261467
100	140.53186	23.76326	168.38086	59.846405	500.0	32.358925	8.313808	45.298256	-3.117065	2020000	5.722046e-10	11.6654	-0.0100078145	-0.17063427	0.4426314	0.0044357935	0.0512	79.0	5554.623261928558
101	136.04044	18.96924	170.28351	68.14737	500.0	31.887835	7.9001107	45.192524	2.3252742	2040000	4.720688e-09	13.35598	-0.008721058	-0.4240389	0.44223097	0.00502754	0.04115	79.0	5607.488319635391
102	136.45999	22.510494	162.89874	56.421608	500.0	31.845022	7.9377823	45.234463	2.5266175	2060000	-2.5749207e-08	13.655487	-0.010458822	-0.09119511	0.4420575	0.0046863174	0.05295	79.0	5660.630635738373
103	136.40459	24.260984	174.24066	48.522137	500.0	31.873354	7.581443	45.313213	5.550487	2080000	8.702278e-09	14.775327	-0.010817956	-0.24372959	0.441642	0.004275211	0.05705	79.0	5713.924491882324
104	134.63828	30.627344	168.39001	22.451664	500.0	30.551771	9.44555	45.324116	-4.4037704	2100000	1.2946129e-08	15.816206	-0.010159663	-0.20876217	0.4410325	0.0037790001	0.04265	79.0	5766.872645139694
105	134.95674	28.3432	179.87532	38.411213	500.0	31.367966	9.326944	45.28743	-4.8130617	2120000	-4.2915342e-09	13.933944	-0.010157405	-0.16850948	0.4409241	0.0064401184	0.0493	79.0	5819.75803732872
106	139.32451	23.354307	175.44083	45.2925	500.0	32.322216	8.32292	45.386574	5.322864	2140000	-2.5749207e-09	14.443181	-0.009379853	-0.6885338	0.4404703	0.004810909	0.0437	79.0	5872.708101511002
107	137.49237	19.88323	178.90858	76.86562	500.0	32.3915	8.760413	45.4736	-2.0953584	2160000	-2.4795532e-09	18.627842	-0.00954314	-1.4260693	0.43991518	0.004123698	0.0465	79.0	5925.910127401352
108	135.43564	18.774841	171.71396	92.63788	500.0	31.83164	7.6623926	45.335358	7.813408	2180000	7.6293943e-10	12.882737	-0.009822465	-0.67376804	0.43974453	0.005476728	0.04805	79.0	5979.155505657196
109	139.23193	17.424683	177.49808	88.07537	500.0	32.38678	7.7072425	45.41226	6.2039194	2200000	6.222725e-09	9.269267	-0.010428429	-0.15589428	0.43918628	0.005532329	0.041	79.0	6032.133306980133
110	135.7754	28.085226	179.48848	65.9059	500.0	31.852163	8.388792	45.463444	-3.2652235	2220000	1.3160705e-08	15.475286	-0.010838096	-0.25429535	0.43859005	0.0052444176	0.05525	79.0	6084.959810972214
111	120.1312	29.366362	171.04858	66.05468	500.0	29.455513	9.329865	45.405174	-2.7290177	2240000	2.102852e-08	29.3027	-0.01010862	-3.1242142	0.4379921	0.004706398	0.05115	79.0	6138.138933181763
112	141.2022	19.917973	174.96214	83.48126	500.0	31.134634	7.650579	45.065605	5.120407	2260000	1.8024444e-08	14.764075	-0.010136569	-3.051052	0.43792513	0.0047604237	0.04445	79.0	6190.862075090408
113	136.80966	24.006306	173.39354	71.909325	500.0	32.33396	7.2933064	45.483013	6.931524	2280000	-9.536743e-09	15.214811	-0.010070679	-0.7784414	0.4373797	0.0031198177	0.05345	79.0	6243.797852277756
114	129.99658	27.110521	169.33093	66.63471	500.0	30.896147	8.569811	45.393696	2.392006	2300000	5.531311e-09	17.662067	-0.010847082	-0.6076603	0.4371518	0.0067649996	0.0615	79.0	6296.859977483749
115	128.36296	29.543877	181.9584	61.55013	500.0	29.867071	8.973616	45.47649	-4.490132	2320000	1.8119812e-09	19.704422	-0.010044981	-0.38674355	0.43677282	0.0052700797	0.0577	79.0	6349.943797826767
116	141.78212	20.097338	170.06088	70.64198	500.0	32.1136	7.5736876	45.452652	7.181893	2340000	1.6975402e-08	12.967857	-0.0098372875	-0.6547718	0.43655673	0.006281619	0.051	79.0	6402.833709001541
117	140.31833	22.171827	176.96129	69.03508	500.0	32.539486	7.742014	45.369877	-0.51488847	2360000	7.6293943e-10	15.783245	-0.009983559	-0.36561584	0.4358804	0.004412007	0.0519	79.0	6455.890762805939
118	128.9827	32.3566	186.27403	40.295414	500.0	31.12565	8.3356695	45.5539	5.6845193	2380000	1.578331e-08	24.41234	-0.010062033	-1.5451107	0.4356838	0.0054424643	0.05605	79.0	6508.793997049332
119	139.1718	19.952137	167.21829	83.64152	500.0	31.67931	8.452231	45.4191	4.854067	2400000	2.143383e-08	14.228043	-0.009551201	-1.9949446	0.43570247	0.0042194272	0.03905	79.0	6562.0293436050415
120	131.25662	24.857801	164.58925	51.7369	500.0	31.374525	8.961079	45.458324	-2.472628	2420000	-6.6280363e-09	20.22465	-0.01004946	-0.8409424	0.43503922	0.0061600935	0.0481	79.0	6615.287991285324
121	134.64963	26.454458	178.34	69.314606	500.0	31.16747	9.266551	45.50886	-2.8118987	2440000	-7.4386595e-09	16.00349	-0.0096649695	-0.19408607	0.43452528	0.006501068	0.04915	79.0	6668.272099733353
122	133.66417	23.998095	174.63994	75.619995	500.0	31.806248	8.382488	45.487488	7.5964546	2460000	-1.411438e-08	18.175674	-0.00998276	-0.3471489	0.43382314	0.0028312188	0.0451	79.0	6721.248842000961
123	137.38908	27.073484	185.42123	45.740723	500.0	31.404066	8.790001	45.54411	-2.382327	2480000	2.2411346e-08	16.032152	-0.010161328	-0.26430416	0.43296194	0.0048594284	0.04935	79.0	6774.261394262314
124	131.06314	26.311874	175.76451	64.99092	500.0	31.079853	8.788978	45.43254	-4.267773	2500000	-1.2397766e-09	21.958914	-0.009780238	-0.8259754	0.43205893	0.005597799	0.04975	79.0	6827.265715837479
125	133.97055	26.02115	167.29503	43.42212	500.0	30.751743	8.336845	45.324905	-3.8559566	2520000	-4.7683715e-11	15.628338	-0.01099981	-0.24627209	0.43114063	0.0053735473	0.0485	79.0	6880.276809930801
126	138.4616	20.915306	182.90724	61.6105	500.0	31.891762	7.7600904	45.33728	5.2100697	2540000	-6.246567e-09	15.152853	-0.01013529	-0.34858704	0.43132764	0.004231637	0.04545	79.0	6933.306544780731
127	135.37778	28.035906	173.53627	43.99945	500.0	31.59959	8.427189	45.546986	-3.806631	2560000	1.5497208e-09	19.784712	-0.010089267	-0.51514816	0.43074948	0.0057975575	0.04655	79.0	6986.41840004921
128	129.44225	24.966097	173.25714	72.76347	500.0	31.003098	8.65239	45.51688	-4.504522	2580000	-1.6975402e-08	16.38547	-0.010932611	-0.22986984	0.42994955	0.004940247	0.054	79.0	7040.179160833359
129	139.12332	20.9193	193.27946	74.18354	500.0	32.15866	8.130513	45.553707	5.7035108	2600000	-5.0544737e-09	10.944787	-0.010146054	-0.7727232	0.42965233	0.005965074	0.0512	79.0	7093.47114610672
130	133.37788	25.47396	167.13187	44.779625	500.0	31.866207	8.170573	45.576828	3.7119102	2620000	9.918213e-09	15.2021675	-0.011022213	-0.78968143	0.42933083	0.0068850084	0.0575	79.0	7146.710990667343
131	137.57622	23.75022	174.13712	78.69718	500.0	31.825434	8.334793	45.654675	3.9586935	2640000	-4.9591065e-09	15.361961	-0.00985466	-0.5962143	0.42894277	0.005290221	0.051	79.0	7199.916871070862
132	136.82417	19.53064	168.66286	71.43726	500.0	31.991053	8.226015	45.46329	4.926118	2660000	1.0204316e-08	15.260508	-0.009093927	-0.24843216	0.42841142	0.0048852395	0.04315	79.0	7253.021824836731
133	139.62119	23.646317	172.60608	58.343998	500.0	32.421654	8.177143	45.61281	6.0846276	2680000	-9.536744e-10	16.09875	-0.011296253	-0.2766552	0.42793652	0.0057819006	0.05505	79.0	7305.923061847687
134	131.6171	26.29332	171.64989	57.99547	500.0	31.113174	9.224735	45.657856	-3.3933616	2700000	-2.3746491e-08	16.868032	-0.010260272	-0.8894243	0.42763984	0.004919434	0.0549	79.0	7359.043594121933
135	133.0643	27.110872	174.26045	51.4967	500.0	31.194685	8.857294	45.55569	-1.5332065	2720000	2.4795532e-09	18.455347	-0.010851825	-0.21062279	0.42754194	0.0048154364	0.0606	79.0	7412.232196331024
136	131.79367	24.77701	165.36688	57.75542	500.0	30.994223	8.451348	45.6805	-2.2140808	2740000	3.2901764e-09	15.965105	-0.010247751	-0.4030285	0.4272468	0.0052851257	0.0423	79.0	7465.2066349983215
137	140.7515	24.072042	174.62292	66.2773	500.0	32.27463	8.007564	45.508083	4.9284306	2760000	1.373291e-08	15.071348	-0.0099580195	-0.42812443	0.42688876	0.0046635442	0.0553	79.0	7518.3271725177765
138	142.74797	24.109365	178.12502	64.47411	500.0	32.548546	8.388453	45.572525	-3.9453962	2780000	4.863739e-09	12.30456	-0.010547352	-0.62806606	0.42696363	0.00489626	0.05695	79.0	7571.620587587357
139	143.46162	18.825825	167.78635	66.8867	500.0	33.386242	7.4084983	45.64791	4.2590694	2800000	1.5068053e-08	11.100875	-0.010948429	-0.28807735	0.42657068	0.005377569	0.0538	79.0	7624.608150482178
140	137.27884	28.51139	182.30855	72.295135	500.0	32.564808	8.478917	45.699524	4.8092313	2820000	6.866455e-09	18.887009	-0.0098880455	-1.112339	0.42617977	0.006147614	0.04505	79.0	7677.544738769531
141	139.23665	26.864555	177.70897	67.73698	500.0	32.33283	9.215067	45.742184	-3.1352468	2840000	-1.8119811e-08	17.942509	-0.009588843	-1.0529385	0.4260696	0.005616297	0.0465	79.0	7730.65567111969
142	137.83133	25.724312	167.1044	32.328445	500.0	32.579838	9.224594	45.731026	-0.69724345	2860000	-1.2016296e-08	16.68384	-0.0099705495	-0.78661346	0.42574883	0.00543116	0.0524	79.0	7783.907348871231
143	129.28548	29.92593	168.3739	56.19964	500.0	31.231882	8.865287	45.594936	-1.8806462	2880000	-8.392334e-09	22.717436	-0.009625762	-1.3288994	0.42584157	0.005371185	0.04585	79.0	7837.290979623795
144	132.69214	26.54459	169.81705	55.454166	500.0	30.691896	8.978346	45.69508	-3.512144	2900000	8.201599e-09	17.924284	-0.010488136	-0.6150379	0.42513573	0.0070996345	0.0576	79.0	7890.573461294174
145	136.90714	25.235817	172.31418	75.683685	500.0	32.18249	8.543127	45.78553	6.066719	2920000	-9.250641e-09	18.208038	-0.010834061	-0.7657776	0.42465982	0.0049085077	0.04855	79.0	7943.686463594437
146	135.88036	25.360332	173.9026	67.28969	500.0	31.265	9.055544	45.711433	-3.820157	2940000	-2.155304e-08	16.769094	-0.010376603	-0.27283287	0.4238944	0.005586922	0.04445	79.0	7996.842814922333
147	137.19292	21.44808	176.16823	87.03986	500.0	31.759844	8.0510025	45.5778	-2.8926055	2960000	-1.1920929e-08	12.619022	-0.009080729	-0.44413376	0.42341816	0.0035389229	0.034	79.0	8049.910646677017
148	139.95285	27.72887	182.54765	64.71931	500.0	31.97535	9.201399	45.746544	-3.9200964	2980000	4.196167e-09	18.251896	-0.009917386	-0.34462166	0.4226172	0.0045870063	0.0505	79.0	8103.165988922119
149	132.46834	28.547518	171.68369	51.8876	500.0	31.571865	8.632264	45.61588	-2.7381163	3000000	5.0544737e-09	16.039827	-0.009436036	-0.40857124	0.42209387	0.003687611	0.04245	79.0	8156.3109674453735
150	134.78865	26.696615	177.5659	56.00042	500.0	31.63174	8.523066	45.694016	-0.58446985	3020000	-1.5258789e-09	20.838587	-0.009948219	-0.77672195	0.42155173	0.0060031274	0.0479	79.0	8209.666343212128
151	133.55685	32.922787	183.26399	56.33482	500.0	30.938896	8.815261	45.448223	-3.2370687	3040000	-3.8146972e-10	20.668924	-0.010559677	-0.35138512	0.421477	0.0048272978	0.04735	79.0	8262.7104845047
152	147.34781	20.773287	186.9184	79.45458	500.0	32.653904	8.745408	45.66796	0.6618939	3060000	-1.0585785e-08	15.530868	-0.010300175	-3.0992537	0.42094967	0.005503621	0.05045	79.0	8315.710706233978
153	140.62439	23.076334	177.43857	62.296955	500.0	33.180313	8.575328	45.77752	-2.9722247	3080000	6.4849854e-09	13.566636	-0.010529662	-0.7196388	0.42063686	0.004300354	0.0522	79.0	8369.019871234894
154	137.07411	24.932945	173.47954	64.373	500.0	32.405403	8.423342	45.80164	-2.0308037	3100000	-2.5701523e-08	19.660265	-0.010834563	-0.8639145	0.41985834	0.0045921206	0.0616	79.0	8422.285232543945
155	137.27324	24.77798	173.51163	65.578964	500.0	31.977743	7.8255706	45.677746	7.8683815	3120000	6.5803527e-09	14.977044	-0.0102052875	-0.18373585	0.4196119	0.0048775645	0.05985	79.0	8475.57983803749
156	134.74747	26.558886	166.71605	50.67448	500.0	31.06845	9.230707	45.704224	-4.252934	3140000	7.724762e-09	18.009773	-0.0091550965	-0.64580345	0.41948515	0.0040063723	0.04815	79.0	8528.71317434311
157	139.92377	24.97581	176.64932	44.64448	500.0	32.783897	7.8780265	45.736095	8.235241	3160000	5.722046e-10	13.389253	-0.009913666	-0.42278862	0.41914967	0.0063565797	0.04495	79.0	8581.939757108688
158	130.11047	29.896852	174.66173	55.175205	500.0	31.13225	8.7053995	45.721355	-9.575343	3180000	2.4795532e-09	17.049282	-0.011915151	-0.57731056	0.41880324	0.006291804	0.06245	79.0	8635.111957788467
159	136.51167	22.564484	169.20042	74.42615	500.0	31.569557	9.1350565	45.83723	-3.6340504	3200000	4.673004e-09	13.397268	-0.011445461	-0.8008728	0.41832793	0.0046714973	0.05835	79.0	8688.798666000366
160	135.61696	22.27318	165.94865	75.341606	500.0	32.34698	8.518647	45.78329	4.9424686	3220000	-4.529953e-09	12.790175	-0.010081829	-0.33019924	0.41799164	0.004241867	0.0481	79.0	8742.417553901672
161	139.27483	22.94187	182.49805	76.01634	500.0	32.843685	9.178166	45.880302	-3.4662204	3240000	-3.6239625e-09	13.041064	-0.01065866	-0.30218315	0.41718936	0.005063493	0.0477	79.0	8796.02412366867
162	131.01465	30.317293	179.10744	50.880714	500.0	31.411116	9.203616	45.852753	-3.18956	3260000	7.2002413e-09	18.409815	-0.010038502	-1.1266155	0.41701016	0.00434754	0.04135	79.0	8849.947724342346
163	135.16846	29.645926	179.53864	60.15241	500.0	31.242588	8.967246	45.815697	-2.916575	3280000	-3.7193297e-09	20.028578	-0.010046737	-0.3461113	0.41683757	0.005263582	0.0532	79.0	8904.466901063919
164	136.64359	24.049568	173.00847	75.12635	500.0	31.910782	8.338012	45.70519	7.287916	3300000	-4.029274e-09	15.221034	-0.010192882	-0.1796484	0.41628134	0.0049772155	0.0507	79.0	8958.671787500381
165	133.2914	23.893524	165.08498	61.224876	500.0	31.212128	8.53297	45.86351	0.56175476	3320000	4.1007997e-09	15.413049	-0.01018632	-0.6668863	0.41607708	0.0055688415	0.04725	79.0	9013.159551382065
166	139.77353	20.335024	190.35107	74.51849	500.0	32.349842	8.059231	45.83657	-1.8025669	3340000	-6.5803527e-09	13.416055	-0.010782578	-0.35983753	0.4155125	0.0050637284	0.059	79.0	9067.495945215225
167	143.97154	19.125355	192.40623	98.21163	500.0	33.02042	8.841923	45.8181	-3.6462145	3360000	-9.107589e-09	11.776685	-0.010657911	-0.3705492	0.41480836	0.005098526	0.05025	79.0	9121.759522676468
168	138.59341	21.81359	168.95103	73.706	500.0	32.936592	7.8390627	45.81675	3.7109568	3380000	4.577637e-09	12.78807	-0.0111017125	-0.4776678	0.41435462	0.0054835016	0.0541	79.0	9175.714637517929
169	144.77055	14.434716	179.08084	109.03316	500.0	33.128777	7.6461487	45.8077	9.615293	3400000	9.536743e-11	9.80697	-0.010009954	-0.5270605	0.41377658	0.0050572073	0.03535	79.0	9229.722183465958
170	137.59915	23.567839	181.8609	68.31909	500.0	32.847523	7.803146	45.805347	7.0948033	3420000	7.0095063e-09	15.259788	-0.009437344	-0.65791607	0.41325182	0.004184969	0.0453	79.0	9283.880631685257
171	141.3378	24.266853	171.45499	70.11423	500.0	33.05872	8.406154	45.90903	4.1919947	3440000	-4.9591065e-09	14.988008	-0.010512645	-0.39202976	0.41304004	0.0056999796	0.0618	79.0	9337.991951704025
172	137.00665	27.639532	167.25642	61.371075	500.0	32.17655	8.986278	45.802902	-1.8002926	3460000	-1.3542175e-08	14.790249	-0.010058656	-0.8918867	0.41282794	0.0048493654	0.0471	79.0	9392.04819059372
173	128.88953	24.150026	164.07054	80.68148	500.0	31.060188	8.631077	45.770546	3.0039134	3480000	-1.4352798e-08	14.70793	-0.010968747	-0.5435076	0.41271636	0.004908031	0.0505	79.0	9446.137442350388
174	139.55592	25.832802	179.8279	47.353317	500.0	31.900248	9.69521	45.83982	-4.423829	3500000	5.722046e-09	17.515944	-0.010537978	-0.79784393	0.41168174	0.0051216986	0.05635	79.0	9500.511119365692
175	140.22604	23.793936	177.0239	65.45067	500.0	32.66337	9.0917845	45.87984	-4.1905775	3520000	-1.3637543e-08	13.009887	-0.009963307	-0.3216133	0.41150367	0.0042121736	0.0463	79.0	9554.458460569382
176	142.50215	18.673857	174.07121	84.08114	500.0	33.54203	7.7499537	45.95884	8.487205	3540000	-2.002716e-09	13.355946	-0.010940026	-0.47230244	0.41099006	0.0047210096	0.05795	79.0	9608.424293518066
177	138.01974	18.978434	164.9827	72.17328	500.0	32.635826	8.033153	45.94346	6.458697	3560000	-5.4359437e-09	15.259272	-0.010265321	-0.15055084	0.41080114	0.0057578515	0.0544	79.0	9662.47849202156
178	146.28662	17.059374	179.6359	103.74922	500.0	33.726074	7.788804	45.83679	9.026621	3580000	-9.250641e-09	8.712208	-0.010656903	-0.5979223	0.41051444	0.0068142363	0.0544	79.0	9716.49770617485
179	138.7319	21.265676	174.00034	85.63558	500.0	33.120533	7.63235	45.87931	9.2898245	3600000	2.3841857e-09	13.138821	-0.009980178	-0.35792923	0.40981054	0.0045322767	0.0517	79.0	9770.598809242249
180	137.0734	24.094727	179.17216	69.514084	500.0	32.167946	8.403944	45.88421	-3.2328825	3620000	1.7166137e-09	15.56624	-0.009888187	-0.70547485	0.4092664	0.0056294627	0.04955	79.0	9824.574195861816
181	139.25882	23.200102	169.26662	75.998665	500.0	32.199486	8.491779	45.881905	0.65219337	3640000	4.768372e-10	13.990459	-0.010016859	-0.45349693	0.4088101	0.004636081	0.0489	79.0	9878.890070676804
182	138.14153	21.37448	173.12334	73.05231	500.0	32.63827	8.572397	45.879387	-1.8105652	3660000	7.152557e-09	14.528672	-0.009645284	-0.37716103	0.408328	0.0046103727	0.04975	79.0	9933.060124397278
183	135.08664	24.604952	170.80405	56.34147	500.0	31.97219	7.7852488	45.783607	3.857997	3680000	1.01089475e-08	15.677964	-0.010254653	-0.68822384	0.40769482	0.005551966	0.05275	79.0	9987.301290750504
184	136.50569	23.813925	168.19206	75.439	500.0	31.628054	8.2091055	45.75554	6.6920958	3700000	-1.7881394e-08	14.214699	-0.009855259	-0.676322	0.40721196	0.005757964	0.0497	79.0	10041.718927145004
185	143.65268	26.395563	173.0557	47.5448	500.0	32.82842	8.678841	45.830864	-4.277537	3720000	9.775162e-09	14.648276	-0.010683059	-0.47758293	0.4066394	0.005461019	0.0537	79.0	10095.69030046463
186	137.31523	26.70959	173.60838	51.33164	500.0	32.47308	8.468672	45.833824	4.1429324	3740000	3.6239625e-09	15.781847	-0.009737387	-0.33022976	0.40643376	0.0047592893	0.04435	79.0	10150.25313282013
187	141.20868	17.504927	177.06233	75.41862	500.0	32.793373	7.9511175	45.97351	5.5788274	3760000	-1.373291e-08	10.523277	-0.011080041	-1.0180378	0.40626454	0.005147924	0.04945	79.0	10204.38728427887
188	136.47852	26.052795	169.37125	35.193764	500.0	32.429348	8.410131	45.911804	-3.2275558	3780000	3.528595e-09	16.761627	-0.010640069	-0.9818039	0.40581563	0.0043091886	0.05845	79.0	10258.670865297318
189	139.08136	23.375515	185.34518	77.72732	500.0	31.887716	8.974435	45.853592	-3.1174731	3800000	3.0994416e-09	14.497103	-0.009548538	-0.33103085	0.4056153	0.0055371723	0.0459	79.0	10313.733489990234
190	145.61601	21.864586	184.2853	62.003754	500.0	33.152798	8.06465	45.74396	-4.5775185	3820000	7.390976e-09	10.880643	-0.010958596	-0.36297035	0.40552607	0.0037136949	0.05755	79.0	10368.258922815323
191	142.56592	21.608027	176.93672	80.42488	500.0	33.14817	7.384587	45.77175	-3.7836385	3840000	-5.4359437e-09	12.078536	-0.010778287	-0.6834812	0.40513924	0.004390911	0.04305	79.0	10423.281465768814
192	145.60503	18.773094	187.56255	73.21233	500.0	33.078907	7.555182	45.90365	7.3738422	3860000	3.2424927e-09	11.821943	-0.010886078	-0.93164253	0.40469375	0.0046989326	0.049	79.0	10478.331607103348
193	141.13693	18.314375	171.6367	61.57881	500.0	33.360317	7.1962028	45.839542	8.65362	3880000	-3.2901764e-09	11.716662	-0.011046054	-0.51542187	0.40426925	0.005603784	0.05415	79.0	10533.133991003036
194	136.42868	21.471949	164.28348	67.21391	500.0	32.197655	7.0114975	45.657986	8.094206	3900000	2.1457671e-09	14.578157	-0.010698403	-0.76978874	0.4032797	0.0051704366	0.05755	79.0	10587.217892885208
195	140.47807	18.769695	179.63095	71.771736	500.0	32.089718	7.8112383	45.621304	9.367488	3920000	7.629395e-09	12.207987	-0.010707043	-0.94269276	0.4025585	0.0051525775	0.0491	79.0	10642.021849632263
196	137.82784	25.38588	175.52016	61.371555	500.0	32.458565	7.755757	45.629566	6.704833	3940000	-2.861023e-09	14.404656	-0.01058854	-0.33498764	0.4017127	0.005625107	0.04905	79.0	10696.501072645187
197	136.5807	24.675869	170.81616	64.94201	500.0	31.467848	9.168611	45.91212	-3.451557	3960000	7.534027e-09	23.701607	-0.010680912	-2.8791447	0.4010961	0.006535167	0.05015	79.0	10751.140126943588
198	140.50198	23.206041	173.6386	73.22018	500.0	31.65648	7.6193895	45.534256	4.958715	3980000	3.9577484e-09	13.89713	-0.011194747	-1.2535172	0.4004628	0.0066296114	0.0491	79.0	10806.128243684769
199	136.76236	23.875849	186.31718	38.69351	500.0	32.094086	8.154333	45.869408	6.996076	4000000	6.2942505e-09	18.167454	-0.009412072	-0.53824997	0.40006745	0.004431521	0.04535	79.0	10860.963021039963
200	132.05534	24.797516	160.2106	60.63691	500.0	31.367521	9.039871	45.708397	-3.6117764	4020000	-1.4734268e-08	14.700272	-0.010297151	-0.55038834	0.39954564	0.004480449	0.04715	79.0	10915.879747390747
201	137.20752	24.481632	177.21582	66.6965	500.0	31.652975	8.266722	45.504593	-3.0083892	4040000	-3.3378602e-09	17.541803	-0.009726056	-0.3141613	0.39872587	0.0030749908	0.04575	79.0	10971.147884607315
202	142.75696	23.726292	178.22618	56.967617	500.0	32.22885	8.086414	45.60829	-3.6032672	4060000	9.727478e-09	11.574124	-0.0099254	-0.48801136	0.3982336	0.004601651	0.04935	79.0	11026.187729358673
203	139.35555	25.340656	172.94441	56.545387	500.0	32.226	8.422505	45.784336	-2.0863223	4080000	-4.386902e-09	15.21606	-0.0100677535	-0.2285614	0.39767134	0.0050105043	0.0466	79.0	11081.366528749466
204	145.63377	22.213366	183.97144	80.16252	500.0	33.574493	7.9543543	45.901176	6.073848	4100000	2.2888185e-09	14.492207	-0.010531458	-0.19042206	0.3971857	0.0056599877	0.0508	79.0	11135.618977546692
205	134.5693	27.157421	171.59628	59.219013	500.0	32.050034	8.757018	45.865948	-4.3751554	4120000	1.2207031e-08	15.785834	-0.010469545	-0.8594389	0.39692435	0.0053704334	0.0523	79.0	11189.74216914177
206	144.08365	16.435116	167.54813	90.50912	500.0	32.825966	7.628585	45.93692	1.4711201	4140000	-1.8596649e-09	9.913463	-0.009820794	-0.62430954	0.3967418	0.0052906317	0.0426	79.0	11244.533660173416
207	141.64287	22.045334	181.27753	69.423096	500.0	32.619503	7.6762896	45.483	-3.9818811	4160000	-1.0061264e-08	11.347281	-0.011323784	-0.5424881	0.3961901	0.00844581	0.07045	79.0	11298.674719333649
208	140.33769	22.281845	189.16064	67.69262	500.0	32.86735	8.033601	45.814487	8.82315	4180000	-9.250641e-09	16.094833	-0.010619308	-0.67720795	0.39555946	0.005677798	0.04975	79.0	11353.078711748123
209	137.85661	25.239378	175.30443	72.132576	500.0	32.08718	9.03861	45.960922	-3.3007915	4200000	2.670288e-09	15.444252	-0.010225793	-0.2662487	0.39529628	0.004829987	0.0508	79.0	11406.658525943756
210	147.15231	14.758173	179.26965	112.907	500.0	33.358864	7.4630136	45.783653	7.4337335	4220000	5.531311e-09	10.529597	-0.010200494	-0.83257675	0.39477864	0.0036365453	0.0453	79.0	11460.051230430603
211	136.68167	26.543888	164.47392	59.594162	500.0	32.31104	8.011951	45.732124	-3.424383	4240000	-2.5558471e-08	18.208246	-0.011173559	-1.71348	0.39415818	0.0045159245	0.06065	79.0	11514.050776004791
212	135.72754	22.295465	177.20639	80.41107	500.0	31.493694	8.541627	45.63198	-3.7670557	4260000	-9.63211e-09	15.172522	-0.010254723	-0.15845299	0.39360845	0.005520134	0.0526	79.0	11568.161339759827
213	135.00237	27.550945	171.09937	53.154755	500.0	31.12992	8.822942	45.68435	-4.669774	4280000	3.2424927e-09	15.573367	-0.010677298	-0.18979836	0.3934343	0.0053786375	0.0527	79.0	11621.790795326233
214	138.58212	22.145567	170.9706	72.74774	500.0	31.582191	8.569853	45.525475	-4.4667544	4300000	-1.707077e-08	13.101589	-0.009396021	-0.2762947	0.39299762	0.0044415947	0.0454	79.0	11675.0123565197
215	132.05502	25.774971	162.90263	69.10253	500.0	31.4218	7.8358707	45.28303	-4.4481635	4320000	5.722046e-10	14.58091	-0.009709475	-0.978714	0.392775	0.004888509	0.04465	79.0	11728.209537744522
216	137.11899	25.062931	166.6869	59.79476	500.0	30.878675	9.386459	45.605637	-4.6210527	4340000	-7.820129e-09	14.289033	-0.010966968	-0.49217224	0.39232352	0.0064355875	0.0537	79.0	11781.787657022476
217	132.25195	26.792175	166.76558	62.991447	500.0	30.769806	8.646298	45.034924	-4.7896304	4360000	-1.2302399e-08	15.964964	-0.010016728	-1.0117922	0.39195427	0.0055950517	0.0505	79.0	11835.720515012741
218	141.27408	22.162165	168.50894	69.52285	500.0	31.935345	8.417889	45.345867	-4.7228026	4380000	-8.392334e-09	16.227125	-0.010548873	-0.62285614	0.39168087	0.0045030634	0.04925	79.0	11889.411747932434
219	133.06937	29.747782	163.68887	34.118523	500.0	30.954182	8.986958	45.182415	-6.3983026	4400000	3.7193297e-09	14.228616	-0.010767617	-0.8929939	0.39159217	0.006545437	0.05455	79.0	11943.810642719269
220	144.49931	23.748392	174.61377	55.69645	500.0	32.10183	8.436811	45.581512	-5.618445	4420000	5.2452087e-09	15.560437	-0.01052382	-1.9685946	0.39129555	0.004411385	0.04645	79.0	11998.000029563904
221	138.86862	20.416576	173.90633	96.41482	500.0	32.666245	8.05638	45.765263	-3.0409815	4440000	1.373291e-08	15.466985	-0.010127763	-0.37972832	0.39101577	0.004941594	0.05365	79.0	12052.116067171097
222	132.61154	22.15357	159.17622	62.920082	500.0	31.064594	8.682438	45.80375	-5.2220635	4460000	1.2016296e-08	17.80648	-0.010406101	-0.618803	0.3905426	0.0037142166	0.04945	79.0	12105.609845876694
223	139.33122	20.94595	183.02576	84.85279	500.0	31.698244	7.694117	45.666946	1.8977892	4480000	-1.7166137e-09	16.367138	-0.010428283	-0.57712555	0.3902433	0.005592736	0.05445	79.0	12158.811736822128
224	137.03044	21.425697	171.64825	78.25029	500.0	31.786327	8.207491	45.35011	-4.6823	4500000	-4.863739e-09	10.29109	-0.011508114	-0.2883482	0.38994494	0.0051141703	0.05665	79.0	12211.855763435364
225	140.96927	14.968001	167.31607	90.37235	500.0	32.7889	7.3194733	45.646038	-4.1116567	4520000	-2.4795532e-09	10.106032	-0.010797052	-0.27952957	0.38935426	0.004927405	0.0506	79.0	12264.65210390091
226	135.34277	17.643068	158.9427	83.81965	500.0	31.99105	7.2826147	45.31136	3.9600759	4540000	-3.1471252e-09	11.2603	-0.010166746	-0.3288374	0.38860554	0.004747713	0.05005	79.0	12317.337267160416
227	143.17746	17.502974	176.70816	94.24994	500.0	32.730225	7.2670326	45.72261	8.883381	4560000	-8.9645384e-09	10.007975	-0.011055825	-0.27536583	0.3882904	0.0060349028	0.05465	79.0	12369.995943307877
228	142.10101	16.875834	181.04674	92.70939	500.0	32.849445	6.9583025	45.48609	8.058983	4580000	1.206398e-08	10.286446	-0.010431785	-0.16556835	0.38746947	0.004773882	0.0536	79.0	12423.478014469147
229	128.45593	28.428701	176.29787	59.044167	500.0	30.57265	8.219838	45.643093	-4.624211	4600000	4.673004e-09	22.889692	-0.010702847	-2.7620049	0.38709098	0.0051441803	0.0618	79.0	12476.648520469666
230	139.7226	23.000233	172.4873	72.075195	500.0	30.917507	8.431105	44.818638	-4.907954	4620000	-1.7642975e-08	13.240621	-0.010243794	-1.4565554	0.3869492	0.0037529923	0.0414	79.0	12529.83129954338
231	136.67577	25.676815	172.79007	58.241615	500.0	31.456717	8.531695	45.853107	-5.6851683	4640000	-8.630753e-09	18.016684	-0.010713335	-0.36166382	0.38667336	0.0055817557	0.0558	79.0	12582.580625295639
232	140.1779	25.954348	175.94644	61.22226	500.0	31.790638	9.050805	45.70334	-5.422289	4660000	-1.4781952e-09	14.378705	-0.011619069	-0.90126896	0.38615063	0.005807425	0.06045	79.0	12635.966199159622
233	136.88449	26.605942	171.65886	42.824512	500.0	32.14172	8.430217	45.642418	-3.7117996	4680000	3.9100647e-09	15.968058	-0.01026706	-0.33102512	0.38564193	0.004644045	0.0509	79.0	12688.987783670425
234	138.64487	17.551022	166.9456	87.14906	500.0	32.235035	7.3573046	45.866848	6.001863	4700000	4.9591065e-09	10.340175	-0.0112555465	-0.4195013	0.38498554	0.005256181	0.05455	79.0	12742.232290029526
235	135.30557	19.06431	165.64915	80.967354	500.0	32.036583	7.414669	45.764816	7.6600094	4720000	-1.4400483e-08	12.12305	-0.010779934	-0.22749996	0.38408163	0.0053282687	0.04985	79.0	12795.6975710392
236	134.72942	22.128647	170.63947	75.32485	500.0	31.742693	7.5854387	45.794907	6.6675205	4740000	6.842613e-09	14.411321	-0.01134869	-0.48727036	0.38355398	0.0058982014	0.0592	79.0	12848.848761320114
237	140.97453	22.709858	173.3686	73.88535	500.0	31.900078	7.9499035	45.519585	3.6903582	4760000	-4.768372e-10	15.132975	-0.010528242	-0.6099262	0.38327417	0.0045510237	0.04765	79.0	12902.55902147293
238	133.69002	29.609303	171.873	53.589527	500.0	31.309687	8.140926	45.45347	-4.1484404	4780000	-3.6239625e-09	17.365253	-0.010741342	-0.7799034	0.3829675	0.005118852	0.05935	79.0	12955.383715391159
239	142.14676	22.821438	180.57314	76.20523	500.0	32.38265	7.8413534	45.70784	7.939726	4800000	-2.4795532e-09	13.293792	-0.010878197	-0.62477684	0.38260546	0.0043273577	0.0598	79.0	13008.164546251297
