Epoch	AverageEpRet	StdEpRet	MaxEpRet	MinEpRet	EpLen	AverageVVals	StdVVals	MaxVVals	MinVVals	TotalEnvInteracts	LossPi	LossV	DeltaLossPi	DeltaLossV	Entropy	KL	ClipFrac	StopIter	Time
0	-17.067272	3.4664145	-10.331711	-24.666384	500.0	-0.019410482	0.13930947	0.42947286	-0.5560733	20000	-1.3589859e-08	9.185406	-0.007487207	-0.13201046	0.9189385	0.0019392958	0.01165	79.0	39.388858795166016
1	-16.275593	4.480917	-5.6115584	-26.456968	500.0	-0.044274487	0.13517474	0.43909594	-0.5606099	40000	1.124382e-07	8.7122555	-0.007437319	-0.118037224	0.9183492	0.0032504844	0.01225	79.0	82.08782982826233
2	-14.431088	3.5405533	-8.549615	-22.9066	500.0	-0.06713798	0.12854163	0.4169217	-0.5209982	60000	6.213188e-08	6.6932087	-0.007191176	-0.09099293	0.91776484	0.0033010799	0.01245	79.0	121.15415143966675
3	-14.541066	4.017604	-5.5272913	-21.294943	500.0	-0.087032676	0.12587638	0.33789033	-0.5737304	80000	-6.196499e-08	6.8433657	-0.007548294	-0.09612131	0.9173956	0.0030280026	0.01605	79.0	161.16994786262512
4	-13.256128	4.9474587	-3.130815	-24.89045	500.0	-0.10934231	0.12743118	0.3737143	-0.5908298	100000	-3.490448e-08	6.3577557	-0.00867782	-0.08873606	0.9171761	0.0035458633	0.0208	79.0	200.22606086730957
5	-12.969295	3.5398896	-3.7713013	-19.498627	500.0	-0.13133508	0.13203065	0.2982308	-0.6225423	120000	9.131431e-08	5.241877	-0.008555198	-0.081680775	0.9166202	0.003715808	0.0249	79.0	239.47346258163452
6	-12.629022	4.474331	-3.6164262	-19.340315	500.0	-0.15190749	0.13848414	0.38662732	-0.6378559	140000	-5.18322e-08	5.0472	-0.008381666	-0.08387852	0.9159183	0.0035842243	0.02525	79.0	279.0100908279419
7	-10.8794	4.99269	-1.5082164	-21.575777	500.0	-0.17413402	0.1479938	0.3850211	-0.7548464	160000	2.48909e-08	4.2790923	-0.006509911	-0.062746525	0.9154534	0.0021481402	0.00935	79.0	316.8547263145447
8	-9.473032	5.0095344	-0.1744357	-19.617464	500.0	-0.19379584	0.15719174	0.38267738	-0.77445036	180000	1.6546249e-08	3.6412508	-0.008161511	-0.046839952	0.91531014	0.003133237	0.03025	79.0	354.65124773979187
