Epoch	AverageEpRet	StdEpRet	MaxEpRet	MinEpRet	EpLen	AverageVVals	StdVVals	MaxVVals	MinVVals	TotalEnvInteracts	LossPi	LossV	DeltaLossPi	DeltaLossV	Entropy	KL	ClipFrac	StopIter	Time
0	459.87167	146.6413	567.3005	56.674904	1000.0	46.417118	18.170435	63.573746	-4.356447	20000	-3.8146974e-09	16.554337	-0.016411208	-2.092327	-0.18935017	0.006676869	0.0867	79.0	52.975035667419434
1	410.41998	149.74388	541.5515	77.657074	1000.0	43.808056	19.663359	63.95421	-3.0401673	40000	-4.196167e-09	22.750755	-0.016006494	-2.9911327	-0.18927428	0.006356698	0.0753	79.0	106.75778841972351
2	433.6874	159.07983	552.91797	61.042328	1000.0	43.91838	19.537357	63.230343	-7.4584985	60000	-2.7179718e-08	20.051683	-0.015463025	-0.55807686	-0.19014329	0.0072842087	0.09105	79.0	158.7543909549713
3	427.9157	153.93848	548.80927	43.38977	1000.0	44.22447	19.825827	63.872334	-4.129753	80000	-1.6784668e-08	21.1547	-0.017044347	-0.60442734	-0.1905408	0.008658515	0.09145	79.0	211.63251519203186
4	475.54828	116.15242	560.118	38.447502	1000.0	48.54808	14.75322	63.76105	-4.2279754	100000	-2.7799606e-08	15.185778	-0.016586505	-0.8520622	-0.19065523	0.007288742	0.0887	79.0	265.03593945503235
5	474.4759	95.71189	548.5047	91.17828	1000.0	48.87644	14.673155	63.79067	-4.222881	120000	-6.1035155e-09	15.751964	-0.016984634	-0.7903242	-0.19123599	0.0055917017	0.08385	79.0	315.97350573539734
6	466.27057	111.64656	558.2787	96.129234	1000.0	48.163494	16.272667	64.03977	-4.4269953	140000	-3.2043456e-08	18.912529	-0.017898418	-1.3057251	-0.19135208	0.006487843	0.0946	79.0	366.6929476261139
7	456.07404	156.01234	563.69055	-40.780693	1000.0	46.948742	18.108797	63.5728	-4.684687	160000	-2.1219254e-08	16.689497	-0.017834608	-1.5631723	-0.19161832	0.008822	0.09575	79.0	417.7989158630371
8	425.00043	152.50789	535.88696	50.129032	1000.0	44.02554	20.481743	63.925392	-4.6915255	180000	2.6893616e-08	24.751537	-0.017417507	-2.3532925	-0.19175002	0.008308962	0.09615	79.0	468.6670506000519
9	437.899	150.31978	559.32465	72.65165	1000.0	44.7766	18.41703	63.65875	-4.152872	200000	-2.3269653e-08	17.428043	-0.017306179	-1.991828	-0.1920946	0.0075829118	0.09735	79.0	519.4393515586853
10	494.91977	48.714085	546.3417	311.5375	1000.0	50.952995	11.267591	63.856495	5.0529556	220000	2.1314621e-08	11.023723	-0.01595802	-0.6551857	-0.19205463	0.0071189483	0.087	79.0	570.0970213413239
11	480.53598	99.53419	560.422	99.3548	1000.0	49.243145	15.237346	64.03761	-4.442657	240000	2.2506715e-08	13.935513	-0.018112449	-0.6737356	-0.19247882	0.0071304184	0.0953	79.0	620.7695333957672
12	470.88397	137.58427	562.13495	44.044384	1000.0	48.44863	17.030518	63.73489	-4.177355	260000	6.377697e-10	14.090943	-0.015903218	-0.5175934	-0.19270058	0.0049910215	0.0815	79.0	672.0230505466461
13	508.11322	37.856785	559.40674	372.21252	1000.0	51.84962	11.492888	64.10572	-2.3019238	280000	-3.4046174e-08	9.036615	-0.017698182	-0.6101341	-0.1930472	0.009119194	0.09145	79.0	722.9761307239532
14	435.53174	154.78662	547.357	67.92652	1000.0	45.139477	19.650064	63.78675	-4.3598676	300000	3.376007e-08	19.700886	-0.017716369	-2.1967335	-0.19408385	0.005431121	0.1071	79.0	773.957976102829
15	415.1396	156.86249	543.1606	61.40982	1000.0	42.242485	20.991867	63.512802	-4.7129354	320000	7.6293943e-10	22.968891	-0.017316414	-1.1964283	-0.19474208	0.0078213485	0.09915	79.0	824.8232944011688
16	506.05396	24.004734	554.1474	444.83914	1000.0	51.425236	9.46206	63.77011	12.614488	340000	2.4318696e-09	9.679757	-0.015179005	-1.3282051	-0.19520213	0.0056662317	0.0754	79.0	877.0489876270294
17	480.02832	82.145134	563.5696	163.7702	1000.0	50.087467	12.992306	63.880264	-4.086022	360000	2.2029877e-08	13.673255	-0.016624287	-1.2530689	-0.19570892	0.0044424613	0.08515	79.0	928.5400772094727
18	504.9995	33.50867	564.7553	438.9308	1000.0	51.7004	10.266624	63.655315	13.858212	380000	-1.2588501e-08	11.953391	-0.015527573	-0.9479189	-0.19637707	0.0070639807	0.07985	79.0	979.7718470096588
19	486.69214	50.124935	534.4444	332.7535	1000.0	51.3078	11.817259	64.1444	-3.100733	400000	-2.3174286e-08	15.274659	-0.016105998	-0.72823143	-0.19662327	0.0057453476	0.0794	79.0	1030.7057790756226
20	479.06982	78.7655	549.2116	180.12965	1000.0	49.72545	13.969013	63.611263	-3.4688878	420000	1.0490417e-09	18.360344	-0.016416645	-0.69049644	-0.1968101	0.008045288	0.0877	79.0	1081.6825113296509
21	505.83795	38.89472	566.6179	430.11646	1000.0	51.61745	10.609306	63.64791	-3.9796798	440000	8.869171e-09	11.783841	-0.016357072	-0.8115845	-0.19696316	0.0077027725	0.0981	79.0	1132.7997970581055
22	494.20282	47.19751	550.7123	356.4695	1000.0	51.158363	11.422384	63.823532	-4.994363	460000	-4.6157837e-08	16.10475	-0.016626326	-0.85813427	-0.19768938	0.0071992553	0.08875	79.0	1183.9218170642853
23	470.3082	136.15244	550.876	58.770664	1000.0	47.30647	17.173498	63.723473	-5.2036734	480000	-3.7193297e-09	17.33243	-0.016073678	-1.2336731	-0.19784774	0.006059896	0.08175	79.0	1234.951397895813
24	410.10904	155.2188	548.57117	43.726654	1000.0	42.58021	20.109632	63.968586	-5.5907393	500000	7.4386595e-09	25.01104	-0.017028924	-0.9455013	-0.19816963	0.0062099462	0.0878	79.0	1285.8557949066162
25	479.00537	98.681946	547.9725	108.42027	1000.0	48.39596	15.101602	63.721893	-5.363509	520000	3.7288665e-08	15.645863	-0.017157728	-0.9662247	-0.19813247	0.00674618	0.08815	79.0	1336.9795317649841
26	409.27457	154.14656	571.4458	86.53861	1000.0	42.164017	20.531775	63.860954	-4.2406855	540000	1.8596649e-09	24.323277	-0.017506652	-1.2139645	-0.19870552	0.007259155	0.09425	79.0	1388.2640998363495
27	412.18546	166.87292	542.71515	71.204796	1000.0	42.48741	20.562792	63.663612	-5.6119866	560000	-3.2615663e-08	25.919827	-0.017041748	-1.2450237	-0.19913697	0.006535244	0.09525	79.0	1439.390811920166
28	465.30096	151.46257	565.36633	60.967297	1000.0	45.913647	18.617027	63.57001	-4.3316846	580000	2.1457671e-09	17.631643	-0.01631596	-3.3051186	-0.19964653	0.008346584	0.0908	79.0	1490.3990194797516
29	423.02972	167.68861	556.3417	48.741554	1000.0	44.025642	21.387571	64.18995	-4.0975685	600000	1.1825562e-08	21.266048	-0.01604697	-1.5710335	-0.1997809	0.006102076	0.08515	79.0	1542.0280723571777
30	464.45386	92.4816	591.5887	158.93973	1000.0	46.955753	16.694847	63.807316	-3.6101532	620000	-5.722046e-10	22.695652	-0.01756841	-2.0812054	-0.19983257	0.007972719	0.0989	79.0	1593.4874022006989
31	488.85458	84.86434	549.2515	144.72382	1000.0	50.36601	12.798308	63.649086	-3.7089612	640000	-1.335144e-09	12.629371	-0.016076678	-0.4876852	-0.2001155	0.0047418135	0.08115	79.0	1644.6892292499542
32	441.76538	141.50677	545.7869	42.389008	1000.0	46.424873	17.446987	63.739513	-4.1298714	660000	1.8692017e-08	22.719278	-0.017675465	-3.710083	-0.20081799	0.0069326125	0.08845	79.0	1695.5578818321228
33	493.1105	95.95949	550.40216	89.19841	1000.0	49.55334	14.131388	63.8077	-4.0568533	680000	1.6784668e-08	11.532414	-0.015287263	-2.7172804	-0.20096517	0.0056640143	0.0889	79.0	1746.8102142810822
34	403.52512	191.27055	565.67377	55.179703	1000.0	41.886467	22.836147	64.20846	-4.5056434	700000	1.0204316e-08	20.692049	-0.017377106	-1.405201	-0.20118456	0.008787102	0.097	79.0	1798.1973054409027
35	498.517	36.272278	547.2469	397.4869	1000.0	51.197712	11.086016	63.83449	-2.071106	720000	1.6117095e-08	13.343195	-0.016844174	-1.6018639	-0.20114101	0.005186837	0.08745	79.0	1848.9183118343353
36	476.9406	94.57879	559.00336	101.905	1000.0	49.15758	14.660353	64.01256	-4.63967	740000	-1.3303756e-08	15.0636	-0.016934766	-0.5015888	-0.20180885	0.0076057427	0.0978	79.0	1899.857259273529
37	429.03973	159.3405	550.60565	72.91761	1000.0	43.684322	19.966784	64.20823	-4.471326	760000	2.193451e-08	18.667772	-0.016391417	-1.9892445	-0.20219709	0.006360377	0.0975	79.0	1950.7162911891937
38	421.3391	142.5797	564.67395	87.77338	1000.0	43.97194	19.010893	64.02774	-3.9580886	780000	-1.27792354e-08	21.484291	-0.017889682	-1.4193401	-0.20253983	0.006514168	0.09965	79.0	2001.5512211322784
39	403.89798	186.13893	564.5103	52.834103	1000.0	41.22265	21.498158	63.527782	-4.300577	800000	2.2315978e-08	25.690603	-0.016432246	-2.413231	-0.20317985	0.0060917204	0.08225	79.0	2053.054131746292
40	500.11172	93.16101	565.0004	114.72382	1000.0	50.151478	14.510937	64.219444	-3.85617	820000	1.2207031e-08	12.874343	-0.016903652	-2.9320526	-0.20381379	0.006416053	0.08765	79.0	2104.193812608719
41	456.6347	123.19314	565.8145	80.63722	1000.0	47.07433	17.292078	64.067	-3.726677	840000	3.6430357e-08	18.435171	-0.01590714	-0.72324944	-0.20480803	0.0055285683	0.07765	79.0	2155.007249355316
42	453.75958	148.88863	541.4482	51.59894	1000.0	46.137	18.427351	63.959846	-4.5681195	860000	-2.7275085e-08	12.974586	-0.017694972	-0.48044014	-0.20500374	0.0077094957	0.09425	79.0	2205.6980290412903
43	434.28262	132.00038	553.54456	137.34914	1000.0	45.05818	18.945354	64.22391	-3.4842544	880000	-2.1505356e-08	20.51642	-0.01731637	-1.7965641	-0.20549583	0.007499379	0.10025	79.0	2256.9741101264954
44	482.95575	91.52224	573.4958	115.729805	1000.0	49.045105	13.730581	63.568554	-3.5530736	900000	-4.577637e-09	14.105575	-0.016741501	-0.9904938	-0.20591165	0.007379263	0.09225	79.0	2307.9107496738434
45	483.60938	94.26442	563.94934	135.68974	1000.0	49.665794	14.434433	63.7529	-4.171946	920000	9.155274e-09	14.370636	-0.017146772	-0.45067024	-0.20624244	0.009192913	0.09625	79.0	2359.3536927700043
46	478.25513	125.49619	578.28625	62.756775	1000.0	48.499264	16.820238	64.07007	-4.605526	940000	-2.48909e-08	13.9137	-0.017489558	-0.36262226	-0.20658867	0.0070628175	0.09715	79.0	2410.5759270191193
47	485.43106	80.19179	560.1493	226.25731	1000.0	49.88882	14.640529	64.04335	-4.002522	960000	-5.340576e-09	16.374987	-0.018429168	-0.92434883	-0.20715596	0.0081802625	0.0976	79.0	2462.1262831687927
48	488.04596	98.95907	575.04944	122.16594	1000.0	50.430374	13.696003	64.20089	-3.864415	980000	-1.6403199e-08	21.487957	-0.016396921	-1.7919865	-0.20753412	0.00631589	0.0866	79.0	2513.6972000598907
49	487.53116	89.31305	553.5803	140.27895	1000.0	50.03874	13.91461	64.154205	-1.7516222	1000000	-6.2942505e-09	17.783123	-0.016245667	-0.9769592	-0.20789708	0.006638263	0.0857	79.0	2566.5418286323547
50	460.85016	126.50632	557.8796	83.71607	1000.0	47.440308	17.093246	64.14093	-4.9568033	1020000	1.5735626e-08	21.772474	-0.017246418	-1.2736702	-0.20892404	0.0053647463	0.092	79.0	2618.853605031967
51	427.36734	162.21529	559.08527	46.396343	1000.0	43.4587	20.547712	64.00814	-4.544524	1040000	-9.6559525e-09	25.792109	-0.016555224	-1.0688744	-0.2089341	0.0058990824	0.09975	79.0	2671.713682413101
52	435.48267	137.9132	559.5401	65.74887	1000.0	44.01777	19.156727	64.08551	-3.1058362	1060000	-8.535385e-09	20.79504	-0.017056981	-0.76758003	-0.2089844	0.0066614053	0.1035	79.0	2724.1594631671906
53	418.83267	156.69908	541.79254	78.799065	1000.0	43.627464	20.050476	64.11802	-3.893605	1080000	-1.7166137e-09	20.847467	-0.016215496	-1.1320305	-0.20940357	0.0069285296	0.0965	79.0	2776.983206510544
54	460.6812	120.04264	544.1642	111.63073	1000.0	46.634808	16.416794	63.76531	-4.370107	1100000	-1.1539459e-08	17.272594	-0.017162792	-2.129529	-0.20982212	0.0068449187	0.0865	79.0	2829.822956085205
55	510.19672	23.86457	569.7093	459.28705	1000.0	52.28059	9.267865	64.11033	16.667227	1120000	-4.2724608e-08	7.607067	-0.015153835	-0.53803253	-0.21055557	0.0062085306	0.07495	79.0	2881.5660700798035
56	468.40912	125.39146	558.2103	79.61441	1000.0	48.105164	16.766891	64.15436	-3.2560258	1140000	-8.392334e-09	13.362349	-0.018028762	-0.36039734	-0.21110924	0.0063159605	0.0977	79.0	2932.773816347122
57	469.11304	131.72015	553.4621	45.95436	1000.0	48.34748	16.290258	64.165596	-2.9577496	1160000	1.3637543e-08	12.522463	-0.017258715	-0.43743324	-0.21125358	0.0070083234	0.08715	79.0	2984.0207097530365
58	467.02637	115.54408	549.0351	57.29918	1000.0	48.04237	16.687853	64.116005	-3.6599464	1180000	-3.051758e-08	20.896244	-0.01720039	-1.0128059	-0.21168819	0.0075957617	0.0846	79.0	3036.771361351013
59	457.2964	126.99159	559.64856	52.579582	1000.0	47.429237	16.518597	63.820637	-4.360418	1200000	2.708435e-08	16.10225	-0.016756121	-0.89961433	-0.21182014	0.0063808956	0.0841	79.0	3088.747843027115
60	470.204	129.72696	574.05316	88.89936	1000.0	47.450928	16.947702	63.760605	-3.309521	1220000	1.1539459e-08	17.485836	-0.016293718	-1.1648788	-0.2122996	0.00731903	0.0833	79.0	3139.908675432205
61	452.2646	160.71954	570.338	45.303955	1000.0	45.877327	19.03469	64.24929	-4.5168114	1240000	3.8146974e-09	14.253989	-0.01630452	-1.2608061	-0.21289785	0.0056454837	0.0914	79.0	3192.369563102722
62	496.96616	47.479774	542.5454	316.19934	1000.0	51.58114	11.79546	64.3192	-2.1023424	1260000	-3.2424927e-09	13.660036	-0.016926521	-0.84750843	-0.2132906	0.0074853864	0.09505	79.0	3243.3096644878387
63	475.1871	82.66537	536.7142	148.81161	1000.0	49.897255	13.22988	64.09528	-3.6155634	1280000	2.7656555e-09	11.9816675	-0.017832862	-0.9563198	-0.21375254	0.007687663	0.09155	79.0	3295.494465827942
64	462.62875	133.93887	546.26514	41.205307	1000.0	47.52966	16.67186	63.541267	-4.514872	1300000	-1.4996528e-08	15.252703	-0.015709136	-0.35224915	-0.2143661	0.006232039	0.09315	79.0	3348.0513184070587
65	453.28726	101.542885	550.6643	130.17867	1000.0	46.57385	16.628807	64.1814	-4.5209966	1320000	-1.7166137e-08	22.812414	-0.017818231	-1.4065895	-0.21448587	0.0064196084	0.09665	79.0	3400.580197095871
66	461.86786	133.12541	531.7548	42.537025	1000.0	47.167328	16.785044	63.613094	-4.4893403	1340000	1.9407272e-08	17.558104	-0.016767172	-2.0547237	-0.21450396	0.007345884	0.09235	79.0	3453.088454246521
67	425.14722	142.69983	546.0826	123.36045	1000.0	44.09482	19.741688	63.830864	-3.667803	1360000	6.866455e-09	20.861753	-0.017807575	-1.3037758	-0.2149762	0.00610619	0.10125	79.0	3504.73260140419
68	491.82333	64.67673	554.95667	242.83226	1000.0	50.157364	11.93303	64.053635	1.1729407	1380000	1.0681152e-08	14.4252205	-0.016097447	-1.3483362	-0.21519226	0.006820761	0.084	79.0	3557.555650472641
69	440.13403	145.43716	539.6359	-21.294964	1000.0	46.69379	17.707478	64.05178	-5.1524324	1400000	-2.861023e-09	18.750687	-0.017395705	-1.9573307	-0.21582213	0.0066593774	0.09205	79.0	3610.6026027202606
70	504.5167	37.758644	563.4085	405.25946	1000.0	51.121906	10.189462	63.79404	8.439031	1420000	1.2350083e-08	14.154564	-0.016293874	-2.6113377	-0.21632855	0.008634769	0.08495	79.0	3664.0153625011444
71	496.8255	47.550396	553.69696	346.0645	1000.0	51.66414	11.193492	64.07217	-1.6839538	1440000	-1.6736985e-08	15.148089	-0.018346125	-0.7775488	-0.21683511	0.007695638	0.09825	79.0	3716.7515499591827
72	487.70645	96.53894	577.967	121.88461	1000.0	50.21461	14.963695	64.170044	-3.7004669	1460000	3.7670134e-09	12.742489	-0.017002061	-1.0194435	-0.21714815	0.0064062807	0.07885	79.0	3768.9966020584106
73	451.98077	154.71518	574.223	42.447594	1000.0	46.275494	18.830402	64.136986	-4.854916	1480000	-3.0994416e-09	15.624933	-0.016285889	-1.252986	-0.21784033	0.0065653366	0.09175	79.0	3821.4413652420044
74	465.60944	109.515495	559.50397	64.16579	1000.0	48.096474	14.832018	64.36253	-3.4491394	1500000	-1.4591217e-08	15.816661	-0.01661635	-1.0230064	-0.21804126	0.0072808587	0.09155	79.0	3873.5933752059937
75	511.78253	22.512749	548.97925	470.7913	1000.0	52.01535	10.363358	63.89292	7.5230923	1520000	-1.3494492e-08	10.693996	-0.017525287	-1.8862886	-0.2188014	0.0077101775	0.0994	79.0	3925.9286348819733
76	494.53998	27.153738	529.9478	453.42813	1000.0	52.23776	9.605134	64.39192	17.98076	1540000	1.2969971e-08	9.632368	-0.016748132	-0.5896826	-0.21908246	0.0056548757	0.08995	79.0	3978.2506375312805
77	436.66217	155.62816	551.1063	68.820404	1000.0	45.18231	18.922848	63.767273	-3.4352357	1560000	-1.5735626e-08	23.27272	-0.018030122	-2.2917194	-0.21966745	0.00833651	0.09495	79.0	4031.646973848343
78	491.68292	63.51668	554.637	283.29895	1000.0	50.256714	13.074981	64.297356	-1.8443868	1580000	-2.3460387e-08	13.25585	-0.017633455	-1.1634045	-0.21993344	0.00661844	0.087	79.0	4086.3960659503937
79	474.60498	104.292915	553.35736	118.41206	1000.0	48.741573	15.853697	64.15254	-3.0920968	1600000	5.4359437e-09	18.312244	-0.017779421	-0.7378502	-0.22004107	0.006975145	0.0936	79.0	4141.507258653641
80	404.80927	181.26648	543.3379	66.01927	1000.0	41.363983	21.52171	63.793816	-4.0692163	1620000	-3.7193297e-09	22.515991	-0.016006453	-3.1713562	-0.22004323	0.0061322837	0.0958	79.0	4195.972280740738
81	461.79395	128.11615	556.00104	57.108707	1000.0	46.841606	17.19883	64.01157	-3.4139	1640000	2.1100044e-08	23.5377	-0.016942378	-3.3736343	-0.2198985	0.008750498	0.0933	79.0	4250.199516296387
82	412.70303	169.36038	561.0374	64.61094	1000.0	42.576458	21.596592	64.182526	-7.1759453	1660000	1.7166137e-09	19.546421	-0.016430043	-1.7039261	-0.22041664	0.0069615534	0.09225	79.0	4303.648832559586
83	485.01913	58.28098	564.5237	331.49097	1000.0	49.65568	14.157936	64.07282	-4.516559	1680000	-3.3807755e-08	19.661892	-0.017153917	-2.1568413	-0.22056632	0.008628046	0.09135	79.0	4356.300278186798
84	431.205	146.55923	573.8542	73.08013	1000.0	43.96409	18.926472	64.06101	-3.7340608	1700000	-8.5830685e-09	23.5619	-0.016998954	-4.02129	-0.22088924	0.0087898495	0.0942	79.0	4408.890941858292
85	493.0703	66.24198	559.22174	236.21616	1000.0	50.000256	12.51742	63.91456	1.5216041	1720000	5.1498414e-09	13.714029	-0.016925687	-2.1111355	-0.22135347	0.0074283723	0.0877	79.0	4461.729997873306
86	477.55087	78.59176	551.0687	257.29858	1000.0	49.25378	15.637557	64.32879	-3.4009998	1740000	-4.5108795e-08	25.584335	-0.018310174	-2.9283848	-0.22164398	0.007185662	0.0884	79.0	4516.135564088821
87	492.75275	83.052475	583.06305	157.53864	1000.0	50.159023	13.152633	64.14228	-3.2611809	1760000	3.8194656e-08	15.305636	-0.016210586	-1.601552	-0.2220271	0.006460388	0.09305	79.0	4569.27996468544
88	441.8017	133.61852	530.2673	65.43365	1000.0	45.854668	17.930576	63.926094	-6.0959244	1780000	7.4386595e-09	20.037651	-0.017053345	-1.3896961	-0.22238825	0.0076300316	0.09665	79.0	4624.074962854385
89	459.62222	125.95651	552.5958	67.98385	1000.0	47.213776	16.569624	64.185616	-4.999505	1800000	1.6260147e-08	17.138617	-0.017576085	-0.61961937	-0.22311023	0.0069984505	0.09615	79.0	4677.817974805832
90	472.2307	105.78654	592.97534	144.95088	1000.0	48.32169	15.917425	64.19574	-3.2799058	1820000	1.33991245e-08	18.18733	-0.016982848	-1.4029121	-0.2232602	0.0076484396	0.09495	79.0	4730.833682537079
91	451.9499	130.64139	560.07294	74.232414	1000.0	47.089783	16.430641	64.167465	-5.778315	1840000	9.155274e-09	18.990269	-0.01760566	-1.6081524	-0.2236896	0.0070395437	0.08705	79.0	4784.08394742012
92	461.67343	114.82607	566.5257	121.908775	1000.0	47.44219	16.547958	63.884686	-4.3296227	1860000	4.386902e-09	14.552159	-0.016496947	-0.32404327	-0.2242121	0.0064599244	0.0944	79.0	4837.505775690079
93	457.9536	150.57544	552.1756	-24.551176	1000.0	46.67133	18.303518	63.862843	-4.5264583	1880000	-1.8024444e-08	22.04134	-0.018157965	-1.2303772	-0.22462377	0.007833798	0.09685	79.0	4891.244070529938
94	472.96915	96.06942	544.86523	108.57614	1000.0	49.4432	15.023609	64.13061	-4.004833	1900000	-2.5081635e-08	16.954819	-0.016079644	-0.8372822	-0.22491862	0.005164901	0.0869	79.0	4945.67583823204
95	465.44696	107.17442	548.1013	60.321762	1000.0	47.896637	16.631521	63.916653	-5.40932	1920000	-4.2676927e-08	18.48618	-0.016201697	-1.0629215	-0.22529039	0.007055307	0.09125	79.0	4998.842290639877
96	473.56683	102.377815	571.7441	70.60391	1000.0	49.235104	14.387304	64.161896	-2.8056972	1940000	-2.9468536e-08	16.278667	-0.017315738	-0.5742283	-0.22555685	0.0064684087	0.09285	79.0	5051.311230897903
97	511.89276	38.05185	549.7835	372.33194	1000.0	51.734074	10.942678	64.13791	-0.38797945	1960000	-1.1444092e-09	13.877404	-0.01838648	-2.6221895	-0.22617519	0.008500684	0.0997	79.0	5104.132427215576
98	487.12946	93.805954	557.2786	157.1641	1000.0	50.220253	14.74794	64.31743	-2.6422815	1980000	-1.7738342e-08	17.233255	-0.018690333	-3.1707582	-0.2262996	0.0062472722	0.08745	79.0	5159.244149923325
99	474.45932	111.07023	539.3783	130.56078	1000.0	49.130783	15.55329	64.05553	-2.9008434	2000000	3.4713747e-08	14.493063	-0.017088927	-1.5001211	-0.22665635	0.0052443	0.08015	79.0	5213.968728542328
100	481.72528	105.10964	557.851	65.97946	1000.0	49.681236	14.854985	64.018814	-4.269088	2020000	-2.450943e-08	13.864622	-0.016975492	-0.41900635	-0.2272082	0.008013431	0.09595	79.0	5268.2437353134155
101	465.46964	121.114334	574.0765	41.084343	1000.0	48.438675	16.332418	64.31565	-4.8821673	2040000	1.5068053e-08	18.423313	-0.016174862	-0.910429	-0.22779225	0.0056330767	0.0824	79.0	5321.430638551712
102	503.68008	45.83925	573.8543	398.83844	1000.0	50.765076	13.044155	64.34562	-5.938257	2060000	-2.0980835e-09	20.426228	-0.016190497	-2.514019	-0.22795637	0.0074774786	0.0838	79.0	5374.512057304382
103	448.46298	154.30785	583.2237	-44.463367	1000.0	46.787113	19.107832	64.24922	-7.5041327	2080000	1.3160705e-08	20.240393	-0.017726772	-1.3112907	-0.22786823	0.0061927517	0.08625	79.0	5428.023188591003
104	460.88876	98.32773	550.7241	201.23677	1000.0	47.545116	15.629085	64.3714	-4.8902783	2100000	3.1471252e-09	22.372938	-0.0170514	-1.390564	-0.22823948	0.007821865	0.09935	79.0	5481.503527164459
105	489.0778	78.56104	543.7133	157.10025	1000.0	50.238728	12.738794	63.72423	-2.6866055	2120000	7.6293943e-10	12.29469	-0.015694486	-1.5674763	-0.22869064	0.006992475	0.0811	79.0	5534.772918224335
106	462.85504	117.08462	555.8753	70.65831	1000.0	47.91223	16.910624	64.33681	-5.513013	2140000	7.05719e-09	21.804003	-0.016931444	-1.8846207	-0.2291534	0.0058485684	0.0946	79.0	5588.10630106926
107	486.01807	57.4649	559.6395	338.40298	1000.0	50.03761	13.360406	64.29708	-5.787015	2160000	1.411438e-08	20.334152	-0.017733917	-1.0043545	-0.22922723	0.0074988427	0.0981	79.0	5641.281979084015
108	459.53326	106.0842	550.96857	124.94193	1000.0	48.14184	14.261582	64.1709	-1.5281749	2180000	1.4305114e-08	13.094846	-0.015929101	-1.2710276	-0.22931774	0.0060801925	0.08035	79.0	5694.766333580017
109	497.58554	39.156124	566.72766	402.78018	1000.0	51.278206	9.830551	64.14649	6.719878	2200000	-1.8787384e-08	12.693811	-0.016817164	-1.6390743	-0.22946887	0.0067405184	0.07945	79.0	5748.200621366501
110	502.10773	31.622604	572.4225	438.3591	1000.0	51.849014	9.916761	64.12882	3.0778537	2220000	3.0326845e-08	11.418157	-0.017196078	-0.42335224	-0.22988659	0.0068578445	0.085	79.0	5801.399265050888
111	467.68124	87.3267	546.0425	197.00041	1000.0	49.729076	13.298169	64.1216	-1.7604263	2240000	-8.201599e-09	21.412022	-0.017928686	-3.5788555	-0.23058131	0.007545765	0.09085	79.0	5854.767454147339
112	495.08252	56.372555	575.0123	368.52716	1000.0	50.051876	13.665143	64.2036	-5.959907	2260000	-8.916855e-09	23.87937	-0.017001336	-1.3273544	-0.23078682	0.006952943	0.08915	79.0	5908.956831455231
113	468.54776	127.24312	555.44116	95.785355	1000.0	48.072308	16.570713	64.26081	-3.8739007	2280000	1.0490417e-08	18.95468	-0.01769216	-1.303688	-0.23110387	0.0071765413	0.09785	79.0	5964.322608232498
114	464.36102	99.07424	576.051	104.53271	1000.0	48.655167	15.5620365	64.128426	-5.796734	2300000	-1.5640259e-08	25.329964	-0.015984012	-1.1233082	-0.23131792	0.007655832	0.08785	79.0	6019.562406778336
115	504.3598	26.462313	547.14294	452.5152	1000.0	51.76783	10.911349	64.22111	-4.7419634	2320000	1.2683868e-08	12.498598	-0.016193008	-1.7902851	-0.23166314	0.005794403	0.07845	79.0	6074.826560020447
116	480.69318	106.64769	546.3939	45.870056	1000.0	49.96804	14.736993	64.383644	-3.7991884	2340000	1.9836426e-08	19.57838	-0.016733263	-1.0757084	-0.23231149	0.007010178	0.09415	79.0	6130.1076538562775
117	481.68936	106.438896	560.9646	47.493484	1000.0	49.11369	15.691266	64.25929	-5.160195	2360000	2.2625922e-08	17.639284	-0.017217925	-0.5902157	-0.23258539	0.0070757745	0.0906	79.0	6185.919501781464
118	486.3543	95.07201	563.5698	87.2731	1000.0	50.42807	14.281333	64.13226	-3.6176906	2380000	2.142191e-08	14.185427	-0.01658932	-0.5628891	-0.23281986	0.00552594	0.08385	79.0	6239.675090789795
119	505.98306	33.064625	550.1613	425.666	1000.0	52.250694	10.358114	64.443054	-0.6931209	2400000	-1.9788742e-09	11.713169	-0.01648186	-0.79426765	-0.23351696	0.0065438547	0.08695	79.0	6293.923429250717
120	452.33466	117.054886	550.44476	99.083755	1000.0	47.86412	16.5674	64.292	-3.1269166	2420000	-3.528595e-08	21.706732	-0.01738955	-2.2990513	-0.234028	0.0070727495	0.09445	79.0	6346.9236969947815
121	426.7416	154.3792	560.8615	53.681232	1000.0	43.994373	19.578592	63.9937	-3.6646996	2440000	-6.1035155e-09	18.997303	-0.016850226	-1.2227955	-0.23448455	0.0068615447	0.0932	79.0	6399.834151268005
122	477.75253	105.59217	570.3311	43.73899	1000.0	48.955406	15.227181	64.28793	-4.8919067	2460000	-1.6784668e-08	16.381641	-0.01686431	-2.1484394	-0.23434202	0.007975	0.09285	79.0	6452.662186861038
123	468.1998	71.15238	534.0875	190.35083	1000.0	48.817375	14.6383295	64.629944	-4.1685805	2480000	-3.7193297e-09	15.375399	-0.017270379	-0.5786638	-0.23424044	0.007913496	0.0923	79.0	6506.021929502487
124	485.58527	101.906296	551.56976	158.40407	1000.0	49.13748	14.678347	64.356125	-3.526866	2500000	2.2506715e-08	14.830942	-0.018370835	-0.86385155	-0.23443216	0.006182604	0.0895	79.0	6559.675184011459
125	477.18466	68.89253	548.0294	258.5975	1000.0	50.017475	13.513851	64.32343	-0.5256032	2520000	-7.4386595e-09	21.110092	-0.017988399	-1.6804485	-0.23514594	0.007977627	0.09585	79.0	6613.918471813202
126	390.99255	182.14207	546.0452	41.706093	1000.0	41.074318	21.155052	63.971523	-3.969115	2540000	-1.8787384e-08	22.083199	-0.01739131	-2.7146816	-0.2356825	0.007340918	0.09955	79.0	6669.0777225494385
127	421.9958	149.48328	529.92334	48.20896	1000.0	43.637775	18.866507	64.24255	-4.6087766	2560000	-2.6512145e-08	18.27861	-0.017368596	-0.7161617	-0.23602414	0.0074363113	0.0863	79.0	6724.068456888199
128	478.74472	107.583885	574.31354	48.449497	1000.0	48.15761	15.554442	64.08588	-4.258002	2580000	-1.859665e-08	20.181927	-0.016904105	-2.051239	-0.23636241	0.009660186	0.10295	79.0	6779.41041970253
129	471.1812	117.23055	534.1085	-12.755202	1000.0	49.17906	14.956508	64.384056	-4.559809	2600000	2.3841858e-08	15.363905	-0.017654765	-1.1103582	-0.23657376	0.006631585	0.0842	79.0	6834.393121957779
130	480.11578	95.446556	554.6882	85.31491	1000.0	49.37131	14.349582	64.1565	-3.020684	2620000	3.852844e-08	14.652351	-0.017180031	-0.59244823	-0.23675975	0.006838234	0.08435	79.0	6891.113662004471
131	420.7566	167.23505	582.3654	62.311127	1000.0	43.547585	20.122236	64.23261	-3.7245986	2640000	1.6784668e-08	24.272678	-0.015760496	-1.5708828	-0.23741506	0.005946117	0.08595	79.0	6946.811147928238
132	454.63956	122.08958	534.658	52.704994	1000.0	46.75181	17.018461	64.3022	-2.5726001	2660000	-2.3651124e-08	19.11851	-0.016712068	-1.1030445	-0.23805885	0.007429864	0.0886	79.0	7002.486189365387
133	482.8939	76.59249	558.47296	224.49072	1000.0	49.22114	14.103906	64.44014	-3.4588268	2680000	-4.673004e-09	15.683745	-0.018056497	-1.330533	-0.23864147	0.008570498	0.0975	79.0	7056.861907720566
134	500.57608	33.211174	544.7554	393.47067	1000.0	51.9378	10.731416	64.20709	-4.746655	2700000	3.5476685e-08	12.929778	-0.016873017	-0.26198292	-0.23844369	0.007306087	0.0844	79.0	7111.833477497101
135	483.0075	99.45506	556.8059	65.58511	1000.0	50.11907	14.07846	64.281654	-4.560818	2720000	5.340576e-09	13.200107	-0.016827768	-0.55003643	-0.23889023	0.008412595	0.09005	79.0	7166.988994836807
136	489.80737	41.162853	531.92395	375.34372	1000.0	50.484024	12.8690815	64.101295	-6.137128	2740000	-8.392334e-09	16.424173	-0.016447984	-1.159028	-0.23910472	0.006459652	0.0868	79.0	7222.3086373806
137	456.09512	121.42248	570.3346	91.92366	1000.0	46.47292	17.333982	63.589214	-4.273852	2760000	1.7356873e-08	20.689405	-0.017273182	-1.7773933	-0.23981085	0.007967261	0.0934	79.0	7276.99692940712
138	389.68338	182.36497	552.9571	50.972946	1000.0	40.477753	22.405807	64.1215	-5.0460157	2780000	-1.26361845e-08	23.729507	-0.016884679	-2.1289005	-0.23988543	0.0061180457	0.0871	79.0	7331.714558839798
139	467.9372	104.8268	549.0361	42.53747	1000.0	47.793877	14.702873	63.924168	-4.7231245	2800000	-2.3698806e-08	19.78426	-0.017541844	-2.0639496	-0.2405288	0.0065726824	0.0951	79.0	7386.265240430832
140	476.49017	90.46377	569.08386	115.586426	1000.0	48.68559	14.220124	63.816822	-3.6217604	2820000	1.2397766e-08	15.328353	-0.016891748	-0.874423	-0.2400993	0.0066253836	0.09715	79.0	7440.977994441986
141	497.02045	39.81757	548.41174	368.22256	1000.0	50.959156	12.054509	64.51283	-3.0207598	2840000	3.71933e-08	16.173517	-0.018304221	-1.3759623	-0.24012282	0.008357208	0.1002	79.0	7494.4619064331055
142	436.15845	137.21156	567.80756	110.04794	1000.0	45.46584	18.837486	64.25425	-3.218388	2860000	-1.4305115e-09	21.466469	-0.016469777	-1.8226986	-0.24047144	0.007303466	0.0995	79.0	7549.344130754471
143	460.04346	109.292946	544.27313	160.5429	1000.0	47.245495	15.7325115	63.800995	-1.4341469	2880000	1.4233589e-08	16.52083	-0.015715852	-0.5427408	-0.24042214	0.0061523733	0.0822	79.0	7604.706570863724
144	476.9186	121.96172	560.178	-33.961414	1000.0	48.71636	15.551038	64.24838	-4.6626506	2900000	2.9468536e-08	14.274536	-0.017820625	-1.0332975	-0.24047425	0.008195524	0.0901	79.0	7657.7447674274445
145	483.9122	83.42977	588.7222	154.04463	1000.0	50.42989	14.078454	64.29795	-3.8918252	2920000	-2.5272369e-08	17.39585	-0.016219024	-0.6702843	-0.24063452	0.006831629	0.0797	79.0	7710.867936372757
146	495.53833	65.75424	549.02313	224.03651	1000.0	51.08954	11.68035	64.33522	0.85243493	2940000	1.3446808e-08	11.444942	-0.017016653	-0.40976334	-0.24111891	0.006309641	0.08735	79.0	7765.31295466423
147	469.38046	99.35444	555.6935	153.0364	1000.0	48.598877	15.505708	64.31672	-2.3784752	2960000	1.8692017e-08	15.183194	-0.016415378	-0.59008026	-0.2413822	0.006261002	0.0912	79.0	7819.81924366951
148	447.90936	146.08382	552.12384	72.43721	1000.0	45.814133	18.648132	64.50489	-4.5628557	2980000	-7.915497e-09	16.432604	-0.016750671	-1.0837946	-0.24140663	0.006630504	0.09065	79.0	7875.680913925171
149	455.9659	132.99872	540.3337	58.621147	1000.0	48.224346	16.860138	64.531944	-2.8743234	3000000	3.6239625e-09	13.602732	-0.017146511	-1.1728048	-0.24193698	0.0068871267	0.0919	79.0	7930.7952625751495
150	449.12848	137.88173	549.96533	44.846863	1000.0	46.828648	17.646889	64.04325	-4.7539177	3020000	-3.1661987e-08	18.18179	-0.017805671	-0.8740711	-0.24245012	0.0062023946	0.0972	79.0	7984.190534114838
151	466.6093	138.79115	546.8447	37.039078	1000.0	47.498783	17.277424	64.171585	-4.6006336	3040000	-1.4257431e-08	17.299501	-0.016984977	-0.93930626	-0.24235052	0.007674407	0.09255	79.0	8037.750647306442
152	478.242	67.46543	554.3485	311.22757	1000.0	49.146233	15.000749	64.261635	-3.8628662	3060000	2.1266937e-08	18.229748	-0.01760503	-2.409113	-0.24233851	0.009066322	0.09125	79.0	8091.1937391757965
153	475.34717	96.54297	567.0819	85.33505	1000.0	49.305412	13.934278	64.24967	-3.9857297	3080000	2.0408631e-08	22.780123	-0.016737435	-1.616085	-0.24271451	0.006301209	0.0925	79.0	8145.803100824356
154	413.93823	159.47856	549.49554	-36.44403	1000.0	42.891434	20.069109	64.058975	-4.3869386	3100000	-1.03473665e-08	23.770952	-0.019059928	-0.91104317	-0.24310195	0.006986641	0.09685	79.0	8200.88664317131
155	424.48526	152.1004	542.15784	50.301823	1000.0	43.735973	19.32862	63.8653	-4.3524027	3120000	1.4019013e-08	21.610407	-0.018350245	-1.1153107	-0.24358971	0.008636109	0.0997	79.0	8255.545686483383
156	441.1959	142.36107	590.14545	-16.273737	1000.0	44.659473	19.376701	63.97648	-4.7701755	3140000	1.6117095e-08	26.718756	-0.017029345	-1.4513721	-0.24398963	0.0069005815	0.092	79.0	8309.730249643326
157	485.46225	87.46672	561.92633	124.89407	1000.0	49.520092	13.399617	63.9697	-3.9303975	3160000	1.4829635e-08	13.433129	-0.016168304	-1.3555183	-0.24429934	0.00727836	0.092	79.0	8363.202004432678
158	467.3915	121.20475	539.5	86.54066	1000.0	47.9586	16.558222	64.36281	-4.0322547	3180000	1.8501282e-08	14.589875	-0.016937515	-0.80376244	-0.24481747	0.00756239	0.0988	79.0	8416.864147901535
159	476.89526	103.80028	557.547	89.78867	1000.0	48.792118	16.222664	64.22824	-4.9296436	3200000	-2.3269653e-08	19.305075	-0.017805427	-1.2794724	-0.24495293	0.0069512757	0.1005	79.0	8470.595438957214
160	411.59457	155.09319	550.5562	93.31212	1000.0	42.305965	20.713312	64.52837	-3.4502158	3220000	2.002716e-09	22.385216	-0.016944723	-1.846962	-0.24503903	0.006845736	0.0977	79.0	8524.243834257126
161	412.58145	160.50941	546.6148	65.15743	1000.0	42.557285	20.368103	64.099144	-2.9831815	3240000	-2.6106834e-09	21.835022	-0.015926061	-0.81152916	-0.24524762	0.008010605	0.0976	79.0	8577.600698947906
162	437.4131	145.19386	561.7666	49.603462	1000.0	45.14492	18.603529	64.28677	-2.1777182	3260000	-9.250641e-09	20.244564	-0.017690098	-1.3478241	-0.24546063	0.007826412	0.0974	79.0	8632.669409751892
163	429.32608	145.75133	543.61475	112.3611	1000.0	43.82974	19.386192	64.01382	-4.3334203	3280000	-3.3378602e-09	18.63761	-0.017933432	-1.1680088	-0.24613112	0.008745611	0.09945	79.0	8686.273786306381
164	461.17294	105.88808	560.38727	68.31261	1000.0	47.797073	15.565901	64.50407	-3.6028407	3300000	-1.7881394e-08	24.308603	-0.01627575	-1.4806309	-0.24631242	0.0059151035	0.08465	79.0	8740.071974277496
165	450.36826	118.35774	542.3785	108.59714	1000.0	46.33384	17.481735	64.30603	-4.9571757	3320000	-6.246567e-09	18.470778	-0.017895766	-0.9500065	-0.24620429	0.00793051	0.09955	79.0	8793.527166604996
166	470.49277	120.76179	558.5494	-32.958954	1000.0	47.546303	15.228378	63.79618	-4.4101825	3340000	-3.528595e-09	15.925855	-0.016082956	-2.7492237	-0.2465794	0.0060625738	0.0795	79.0	8848.50993514061
167	484.24283	106.7462	578.3629	50.192673	1000.0	49.29637	15.243823	64.3758	-4.050549	3360000	-5.6743623e-09	18.918743	-0.017268445	-0.8793678	-0.2467943	0.0059057306	0.0916	79.0	8904.054406881332
168	454.74625	151.45404	550.8829	-24.844652	1000.0	47.094086	18.42197	64.383026	-4.707049	3380000	1.244545e-08	19.02928	-0.016962845	-1.3329048	-0.24631457	0.0070871916	0.0824	79.0	8958.081040382385
169	483.64276	109.995224	575.1254	45.320625	1000.0	49.763737	14.978924	64.47961	-4.8221207	3400000	1.3351441e-08	16.743921	-0.017000115	-0.40135765	-0.24644075	0.00697452	0.0869	79.0	9011.696081161499
170	495.305	46.40562	575.4829	365.50934	1000.0	50.946133	11.708077	64.39712	-5.0588164	3420000	-2.784729e-08	17.629456	-0.016568722	-1.3256798	-0.24665518	0.006140691	0.0801	79.0	9064.831379890442
171	482.83652	97.279205	557.77136	93.89147	1000.0	49.69679	14.013031	64.23271	-4.9613843	3440000	-1.14917755e-08	16.965256	-0.017622834	-1.891942	-0.24705428	0.006441373	0.0927	79.0	9117.98989534378
172	469.87372	123.03187	599.07544	82.464355	1000.0	48.033268	16.827738	64.641396	-3.9118485	3460000	-2.7227403e-08	15.370785	-0.017617092	-0.7988415	-0.2473612	0.005895298	0.1011	79.0	9170.95107626915
173	485.59222	58.251114	548.33044	323.5974	1000.0	50.315987	13.486935	64.74531	-0.41175038	3480000	-4.577637e-09	19.806755	-0.017869772	-4.4715347	-0.24753697	0.0080475835	0.1007	79.0	9224.352421283722
174	412.43253	156.29832	544.29913	-21.787804	1000.0	44.60044	18.036455	63.893436	-4.1296988	3500000	1.9836426e-08	32.82561	-0.018056674	-5.929161	-0.24759912	0.0070936815	0.103	79.0	9277.358819007874
175	485.50766	94.20391	553.29456	94.78891	1000.0	48.786194	14.179879	64.07831	-2.65289	3520000	2.2125244e-08	18.033518	-0.017257258	-2.9751987	-0.24764895	0.006721126	0.0972	79.0	9330.456426858902
176	490.15732	85.704796	539.18835	127.12278	1000.0	50.659332	13.227942	64.507324	-3.1969512	3540000	-2.7275085e-08	14.469034	-0.016641015	-0.43995	-0.24794233	0.007253533	0.0877	79.0	9383.545680999756
177	484.63934	106.01336	560.3727	45.784546	1000.0	49.827953	14.620335	64.45176	-4.2803693	3560000	2.9420853e-08	12.97875	-0.016853191	-0.71702576	-0.24842039	0.009382443	0.09165	79.0	9435.864989757538
178	484.99487	99.52321	584.84546	103.20971	1000.0	50.04317	15.400378	64.618675	-5.1246967	3580000	-5.2452087e-10	18.363398	-0.017794045	-1.9419556	-0.24848403	0.0052270046	0.0861	79.0	9489.247153282166
179	456.52133	121.58297	542.7195	88.05206	1000.0	47.44125	16.517773	64.39271	-3.6805177	3600000	-2.4795532e-09	15.8490715	-0.01672278	-0.9815092	-0.24945542	0.006981037	0.08855	79.0	9544.362024307251
180	465.97055	110.59177	552.39966	151.35747	1000.0	48.064625	16.08244	64.25829	-3.9763963	3620000	-1.4686584e-08	17.8266	-0.016789436	-0.38582993	-0.25017667	0.006912983	0.0867	79.0	9599.749776124954
181	441.33463	130.22752	542.97003	-41.130177	1000.0	45.815872	17.929825	64.71915	-4.728523	3640000	-2.5749207e-09	23.876413	-0.018292135	-1.574297	-0.25015482	0.0075657396	0.08985	79.0	9655.027889728546
182	464.3537	132.59175	558.86694	83.38092	1000.0	46.772057	17.387325	64.20185	-4.1660104	3660000	-2.4795532e-09	18.45842	-0.018238898	-1.6543388	-0.2507036	0.009073139	0.103	79.0	9710.019477128983
183	493.65927	83.32446	566.382	154.6823	1000.0	50.746025	13.526502	64.69393	-3.5327039	3680000	2.8038025e-08	14.419792	-0.017089555	-0.46068	-0.25142664	0.0063606524	0.0963	79.0	9765.09373664856
184	440.69873	132.86578	547.7243	49.43663	1000.0	45.998558	18.872042	64.661514	-4.8215	3700000	-2.0503998e-08	21.98466	-0.017024944	-2.1769257	-0.25240377	0.006722859	0.0916	79.0	9820.611739635468
185	422.6771	145.33032	550.25665	55.55118	1000.0	44.196827	18.810669	64.08609	-4.4451995	3720000	-1.0967255e-08	26.400196	-0.01610358	-1.7809811	-0.25262126	0.00563957	0.09145	79.0	9876.086146831512
186	432.73227	157.90364	545.0196	49.164265	1000.0	43.957764	19.242636	64.418144	-4.1056914	3740000	1.1253357e-08	20.463966	-0.017482037	-1.3242188	-0.2528852	0.010740586	0.0948	79.0	9931.283750534058
187	397.42566	173.38867	530.73694	46.852688	1000.0	41.08352	21.798359	63.834255	-4.076064	3760000	1.7166137e-09	23.458418	-0.01730129	-0.82624626	-0.25342008	0.008872806	0.1052	79.0	9984.454983472824
188	495.99365	27.73823	564.00543	461.22577	1000.0	51.01236	10.072888	64.261406	13.501683	3780000	1.5258789e-09	12.668655	-0.016878454	-1.9416151	-0.25397396	0.0095142685	0.09525	79.0	10037.382974147797
189	486.1128	102.4336	561.389	49.771656	1000.0	49.989594	14.04617	64.25619	-3.6835546	3800000	1.6117095e-08	12.110552	-0.01670304	-0.35953426	-0.25387278	0.0076762475	0.08515	79.0	10091.335043907166
190	490.6895	28.79776	525.5466	426.71127	1000.0	51.543156	10.8890915	64.42553	-1.0747356	3820000	-2.8371812e-08	13.035381	-0.017558347	-0.8065605	-0.25441027	0.0063335593	0.08365	79.0	10145.88593673706
191	455.83307	149.90387	559.8816	45.697487	1000.0	46.316544	18.096472	64.06992	-3.8215547	3840000	1.9454957e-08	16.587027	-0.016707376	-1.6460457	-0.25482473	0.008694401	0.0955	79.0	10200.789833068848
192	462.96567	137.28561	565.63336	63.130547	1000.0	47.57399	17.826487	64.54907	-3.3925924	3860000	4.673004e-08	17.527077	-0.0169242	-1.2075577	-0.25567022	0.0068610525	0.08955	79.0	10255.098519325256
193	420.08472	158.96619	549.80237	45.784145	1000.0	44.11225	20.795746	64.47908	-3.7529519	3880000	-1.2254715e-08	30.042368	-0.017420791	-3.3362904	-0.25605637	0.0070700073	0.09785	79.0	10309.562589883804
194	470.46347	60.385864	547.9638	240.90094	1000.0	48.741333	12.938979	64.18178	-0.6827717	3900000	-2.784729e-08	19.286707	-0.01760336	-1.6933022	-0.25625616	0.0069107516	0.0951	79.0	10364.0880382061
195	455.45197	114.82228	561.4549	121.75666	1000.0	46.662	17.180532	64.17798	-4.365387	3920000	-1.926422e-08	21.047634	-0.018161789	-1.0338173	-0.25633714	0.009253115	0.1005	79.0	10418.062919855118
196	472.8729	105.69936	559.9442	133.12695	1000.0	48.059177	15.733457	64.27741	-5.492939	3940000	3.4523012e-08	19.864515	-0.017563837	-0.95726967	-0.25704166	0.006434039	0.1024	79.0	10472.374418973923
197	447.29428	108.83316	540.1546	120.684395	1000.0	46.81211	16.118225	64.02364	-5.1376123	3960000	-2.2792817e-08	22.939365	-0.016758712	-1.8744221	-0.25721303	0.00790417	0.0946	79.0	10526.788558244705
198	426.4506	148.95822	582.40186	69.15318	1000.0	43.220226	20.45915	64.2899	-4.837678	3980000	1.9073487e-09	21.69492	-0.017882695	-1.2905846	-0.25745404	0.008196576	0.0934	79.0	10581.422433376312
199	421.35684	153.25264	549.00507	-33.502045	1000.0	43.331787	20.346788	64.49734	-5.066039	4000000	-8.440018e-09	26.977276	-0.018765869	-1.8482456	-0.25788644	0.006895256	0.09815	79.0	10635.878200292587
200	493.8597	36.260204	551.1639	420.0983	1000.0	50.702576	11.249363	63.96	-2.443	4020000	1.8978119e-08	16.903616	-0.016889716	-0.9750376	-0.25847545	0.0049587907	0.0885	79.0	10690.048661470413
201	510.35516	22.828156	541.5615	450.12686	1000.0	52.167305	9.683116	64.38633	16.991266	4040000	-1.7738342e-08	10.12223	-0.017019538	-1.099865	-0.25911742	0.0072006728	0.08555	79.0	10744.550587654114
202	453.49103	119.525734	549.31805	45.442757	1000.0	47.901386	16.829157	64.05445	-3.8476114	4060000	3.9577483e-08	23.28275	-0.017191054	-2.2222843	-0.25941882	0.008454466	0.0967	79.0	10799.261110544205
203	497.7374	38.51437	553.9374	401.39584	1000.0	51.49806	10.746605	64.39128	-3.0425155	4080000	-1.1825562e-08	13.487738	-0.017246973	-0.725749	-0.26008785	0.007798108	0.093	79.0	10854.553254842758
204	498.7771	47.83109	570.6588	360.36063	1000.0	51.5232	11.227905	64.28379	-5.2522683	4100000	-4.4822692e-09	16.30898	-0.017224811	-0.6718931	-0.26051655	0.0069057574	0.08875	79.0	10908.844965934753
205	459.54205	119.92022	550.7625	115.18531	1000.0	47.58073	17.001705	64.434006	-4.101143	4120000	-1.5449524e-08	18.991587	-0.016510168	-1.191164	-0.2606695	0.0060382066	0.0838	79.0	10963.133132457733
206	469.62875	88.34735	581.8067	210.97464	1000.0	47.419907	16.320833	64.29913	-4.679907	4140000	-1.3065338e-08	25.408777	-0.017249096	-4.0367565	-0.2609128	0.0062053986	0.0917	79.0	11018.028148651123
207	429.79654	134.86983	555.4051	51.835682	1000.0	44.87977	18.259968	64.43101	-3.5544348	4160000	-2.155304e-08	24.370382	-0.0172366	-1.7017269	-0.2613225	0.0074407035	0.0998	79.0	11072.64512014389
208	458.41016	140.21399	550.4004	-17.855381	1000.0	46.888664	17.58381	64.15999	-4.73705	4180000	2.5272369e-08	12.002807	-0.015942132	-1.0593548	-0.2616731	0.0072974274	0.08045	79.0	11127.288739204407
209	511.57324	31.252645	562.0784	432.76807	1000.0	52.40464	10.637326	64.5069	-1.4071515	4200000	-1.3446808e-08	12.442639	-0.015450956	-0.5860691	-0.2618518	0.006247903	0.0902	79.0	11181.474982500076
210	497.05353	76.84825	558.6696	180.16794	1000.0	51.58415	12.656808	64.53611	-1.6206753	4220000	-3.862381e-08	13.88781	-0.016177248	-0.65168476	-0.26191786	0.005741694	0.08625	79.0	11235.944818496704
211	499.32465	38.29781	571.75397	379.63937	1000.0	51.220875	12.462668	64.63796	-4.8066936	4240000	1.8882751e-08	14.743017	-0.016987192	-0.8407936	-0.26241872	0.0064214976	0.09125	79.0	11290.470148086548
212	482.75397	86.782555	547.55365	117.144394	1000.0	50.453682	13.318141	64.132904	-3.5990212	4260000	-1.4019013e-08	16.511726	-0.015972743	-1.4817924	-0.2626649	0.0056747743	0.08525	79.0	11344.776678800583
213	431.6162	135.79668	540.3257	60.998253	1000.0	44.74352	18.776335	64.309814	-5.2202077	4280000	-4.005432e-09	21.852928	-0.017282652	-0.8412819	-0.26266935	0.007539649	0.10345	79.0	11399.348163843155
214	508.37167	29.848211	561.0223	431.16095	1000.0	51.7259	10.069915	63.83256	-4.253555	4300000	2.0599366e-08	13.334489	-0.016344076	-1.9683046	-0.26307276	0.008031679	0.091	79.0	11453.606189012527
215	486.11432	48.212437	542.36993	350.6856	1000.0	51.12356	10.884849	64.46472	-4.501318	4320000	1.1348725e-08	15.783836	-0.017686179	-1.0175848	-0.26335073	0.0074048424	0.0924	79.0	11508.308442354202
216	472.15927	90.33782	544.64594	140.42804	1000.0	49.04115	14.220394	64.09305	-3.8088284	4340000	4.0245055e-08	14.302345	-0.016689286	-0.3937044	-0.26376116	0.006448783	0.08175	79.0	11561.176233530045
217	424.9685	169.27481	554.73926	48.264362	1000.0	43.435997	20.541885	64.42689	-3.9845161	4360000	6.008148e-09	18.04537	-0.016088126	-1.0323086	-0.2636946	0.006131432	0.0962	79.0	11614.559715270996
218	481.63736	83.32267	566.7918	164.85666	1000.0	49.792492	13.294908	64.06638	-1.4976058	4380000	2.0837783e-08	15.189072	-0.016029932	-0.4610119	-0.26406705	0.007507709	0.0861	79.0	11667.849418640137
219	472.7228	115.79464	553.60986	130.76631	1000.0	48.80778	15.884028	64.34102	-3.3356261	4400000	5.38826e-09	14.639365	-0.017549574	-0.42163563	-0.264896	0.008313222	0.0934	79.0	11721.57120513916
220	495.80273	48.661503	551.07404	323.95673	1000.0	51.363773	11.933887	64.25944	-3.0728102	4420000	1.1444092e-08	12.778519	-0.018322762	-1.0997553	-0.2652715	0.0074508516	0.10005	79.0	11774.917072296143
221	468.65567	109.62193	585.75415	75.64834	1000.0	47.93199	16.219149	64.621704	-4.207798	4440000	-1.373291e-08	18.862274	-0.0184478	-0.9730644	-0.2658163	0.008091013	0.10645	79.0	11827.543502569199
222	496.58636	45.556423	558.4177	362.48584	1000.0	50.86395	10.125656	64.14392	-3.0592265	4460000	1.8548965e-08	14.799677	-0.01722204	-0.5707407	-0.26606753	0.0073702773	0.0882	79.0	11880.478051900864
223	479.94147	74.51251	567.2926	235.42006	1000.0	48.981968	13.61145	64.40973	1.0127267	4480000	8.559227e-09	13.824581	-0.01818158	-1.0834541	-0.26616368	0.008771476	0.096	79.0	11933.256954669952
224	480.90396	66.53081	542.9361	257.0628	1000.0	49.93212	11.746928	64.06547	-0.8383537	4500000	-1.9073487e-09	18.224924	-0.017907957	-0.9184952	-0.2660391	0.0051247063	0.09735	79.0	11985.878538131714
225	456.46826	109.62064	545.7745	113.39188	1000.0	47.16745	16.400988	63.914955	-3.7043796	4520000	4.9591065e-09	22.266138	-0.017468765	-2.0123234	-0.26635027	0.0069871033	0.09075	79.0	12038.721188306808
226	474.66034	104.67247	588.38007	92.8863	1000.0	48.069633	16.655714	64.35665	-3.6202195	4540000	-1.1444092e-08	19.569763	-0.018124113	-0.61317635	-0.26674256	0.00656641	0.0979	79.0	12091.590024232864
227	450.4357	112.89468	553.2268	49.52836	1000.0	47.173363	15.545147	64.40819	-4.4503255	4560000	-2.1791458e-08	26.203817	-0.01772218	-2.0370827	-0.26709574	0.0068350816	0.09495	79.0	12144.487528085709
228	478.01767	110.54698	540.7307	86.76206	1000.0	48.601475	14.975336	64.50283	-2.373103	4580000	-2.5749207e-08	12.136343	-0.01795107	-1.4711618	-0.2675819	0.0074266694	0.09075	79.0	12198.017491340637
229	463.02692	125.37389	545.524	109.00201	1000.0	47.509514	17.34969	64.69653	-2.0117114	4600000	2.9802322e-08	19.95554	-0.017584113	-0.7433281	-0.2679953	0.0076628686	0.0977	79.0	12251.507427453995
230	498.43692	28.870262	536.379	419.95245	1000.0	52.217247	10.590432	64.77126	8.344131	4620000	-2.861023e-10	12.624726	-0.015558589	-1.0692577	-0.26815498	0.0073107514	0.0833	79.0	12304.8749730587
231	501.58936	29.063253	552.1161	449.9117	1000.0	52.503914	9.6594515	64.51293	8.556757	4640000	-1.3065338e-08	11.322043	-0.016169919	-0.5232134	-0.26840347	0.006841227	0.08515	79.0	12361.050565958023
232	463.52744	101.21472	560.1001	130.37425	1000.0	47.954224	16.159512	64.26505	-4.052151	4660000	-1.1348725e-08	21.71235	-0.017556548	-1.0482845	-0.26852536	0.007616833	0.09975	79.0	12417.963871955872
233	468.4795	109.99362	561.188	59.722298	1000.0	48.377914	15.379213	64.52176	-3.6010547	4680000	7.724762e-09	17.245747	-0.016689405	-0.970438	-0.26901016	0.006627126	0.086	79.0	12472.83108997345
234	438.7556	147.8785	551.6155	55.201153	1000.0	45.44785	19.41299	64.59151	-4.0471296	4700000	6.198883e-09	25.180548	-0.016540047	-1.1910267	-0.26948872	0.007513216	0.093	79.0	12526.02238368988
235	497.41324	32.459484	553.36847	401.51062	1000.0	50.7291	10.999636	64.127335	-1.9297531	4720000	-5.00679e-09	14.040073	-0.016800905	-1.8943653	-0.26985675	0.00844217	0.09045	79.0	12579.831191062927
236	451.10327	136.04848	557.46625	47.170605	1000.0	46.988586	17.51901	64.485374	-4.3632402	4740000	-5.1879884e-08	18.518532	-0.01785726	-1.132513	-0.27068457	0.008883471	0.1016	79.0	12633.032015323639
237	475.7408	107.18432	551.7566	93.03575	1000.0	48.950993	15.275683	64.40607	-3.9408126	4760000	-2.3937226e-08	12.038172	-0.018116964	-1.1776323	-0.27099985	0.009234279	0.1013	79.0	12685.539285898209
238	452.22568	135.66774	555.1685	57.65973	1000.0	47.353626	17.074894	64.168015	-4.1147785	4780000	1.6021728e-08	18.124191	-0.017600302	-1.5484657	-0.27134645	0.006896124	0.09645	79.0	12737.98277926445
239	455.14752	138.47272	554.4701	71.58671	1000.0	45.87951	18.24152	64.35136	-4.324029	4800000	-5.788803e-08	17.661945	-0.018262055	-1.211401	-0.27184713	0.0075578727	0.09825	79.0	12790.859717130661
240	495.85278	106.32818	552.20557	44.755676	1000.0	50.212025	14.281237	64.36385	-4.7321444	4820000	5.3691863e-08	14.559747	-0.017100535	-1.1590605	-0.2726018	0.00781842	0.0887	79.0	12843.556201696396
241	452.49	108.42737	545.769	118.00343	1000.0	48.25239	16.091272	64.58808	-4.060031	4840000	7.305145e-08	20.861916	-0.017243108	-3.1500835	-0.2728837	0.0066874893	0.09135	79.0	12896.002288103104
242	502.46182	34.997513	583.9003	452.69055	1000.0	51.296944	10.664269	64.656166	14.858096	4860000	1.66893e-08	14.878879	-0.016202733	-2.1193266	-0.2723501	0.0070887352	0.0885	79.0	12948.457000494003
243	480.87653	95.9294	570.3815	107.86895	1000.0	49.582558	14.376259	64.56276	-3.312912	4880000	3.399849e-08	19.510462	-0.01753314	-0.5	-0.27265525	0.0070421523	0.10945	79.0	13000.870861291885
244	453.56787	111.287285	547.3326	49.369602	1000.0	48.048225	16.34446	64.7834	-3.8521738	4900000	-2.4271012e-08	26.828587	-0.018611291	-3.050436	-0.27268982	0.008599441	0.095	79.0	13053.728702068329
245	449.33246	118.5485	545.40826	71.1888	1000.0	45.881214	18.19358	64.26429	-5.257878	4920000	-1.9288063e-08	26.87988	-0.017638553	-1.6290855	-0.27283219	0.008180412	0.0995	79.0	13106.9506316185
246	478.90656	98.36489	549.42334	68.11433	1000.0	48.8082	15.025064	64.02	-4.401848	4940000	-6.6757204e-09	19.60619	-0.018150974	-1.2252865	-0.27345714	0.00720293	0.09	79.0	13159.671637058258
247	461.27872	97.93356	557.333	92.996956	1000.0	47.94464	15.365612	64.46767	-4.13575	4960000	-7.581711e-09	22.276693	-0.018403703	-1.769228	-0.27416646	0.0076902364	0.11	79.0	13212.481889486313
248	438.32724	147.85506	565.4556	51.00348	1000.0	44.629456	18.131283	64.40084	-4.740961	4980000	1.2588501e-08	24.812168	-0.017851353	-2.1870804	-0.27459094	0.0081489775	0.09105	79.0	13265.239261627197
249	466.2353	102.29815	566.3558	66.00633	1000.0	48.30753	15.492911	64.10129	-5.1620545	5000000	-5.1498414e-09	20.055912	-0.01816106	-0.6354809	-0.27547553	0.007656198	0.09775	79.0	13318.930360794067
250	513.1357	41.234486	574.93506	392.67075	1000.0	51.671562	11.118003	64.05565	-5.9466	5020000	-3.7288665e-08	13.715369	-0.01652824	-1.9779739	-0.27552813	0.006875959	0.0851	79.0	13374.98350572586
251	491.50446	101.48097	590.60944	104.12232	1000.0	50.249084	15.657242	64.68444	-5.4101505	5040000	1.6880035e-08	17.209135	-0.016513364	-1.0391846	-0.2760013	0.006422357	0.0878	79.0	13428.931816339493
252	486.3121	56.65634	548.5001	298.3395	1000.0	50.404022	12.682347	64.51906	-3.3668451	5060000	2.4795533e-08	15.462092	-0.018174537	-0.61717033	-0.27633515	0.006783906	0.09515	79.0	13483.673800230026
253	411.34326	167.91397	564.72925	82.01651	1000.0	41.88155	22.317991	64.76657	-4.5252123	5080000	-3.2901764e-09	24.472038	-0.01619581	-3.2813797	-0.27679032	0.0059148073	0.09905	79.0	13536.579666852951
254	483.62833	52.727226	560.1246	367.91064	1000.0	49.8025	13.558497	64.56888	-4.2750626	5100000	-1.1825562e-08	20.386024	-0.01834258	-1.63838	-0.27716145	0.0073912726	0.08655	79.0	13589.582709550858
255	445.05264	133.53908	568.27686	61.04956	1000.0	46.28354	18.31691	64.649895	-4.070716	5120000	7.152557e-09	28.457825	-0.017291907	-1.7320366	-0.27688727	0.0067436034	0.1024	79.0	13642.469829559326
256	478.35147	109.10416	578.45654	149.0429	1000.0	48.111897	15.792254	64.500206	-5.041049	5140000	-1.4591217e-08	17.473524	-0.01811649	-2.1144896	-0.2769712	0.008546451	0.0962	79.0	13695.363828897476
257	456.0669	101.2509	548.2996	160.08208	1000.0	47.860218	15.387232	64.36373	-2.391212	5160000	-4.4870376e-08	19.033812	-0.018225383	-2.2344494	-0.2773265	0.0060571698	0.1016	79.0	13749.392413854599
258	433.88306	173.17647	562.487	-21.252058	1000.0	44.843464	19.619596	64.29342	-4.6064143	5180000	-1.5830993e-08	14.982273	-0.016831068	-1.2883701	-0.27776277	0.007546997	0.0837	79.0	13803.042904376984
259	487.51105	103.51835	547.50494	52.743206	1000.0	50.39682	14.115725	64.5517	-4.293208	5200000	1.6021728e-08	11.685863	-0.017154925	-0.35944176	-0.277953	0.00593893	0.0863	79.0	13856.820392847061
260	478.81305	120.540985	556.52277	89.07596	1000.0	49.19159	16.652767	64.51752	-4.1676927	5220000	3.33786e-10	11.652968	-0.017559612	-0.43549538	-0.27805135	0.007538983	0.0996	79.0	13910.23530459404
261	501.8235	53.326733	550.4541	342.69348	1000.0	51.430668	11.963001	64.55634	-2.7163649	5240000	2.1362304e-08	19.391006	-0.017001284	-1.3027992	-0.27795368	0.0061681047	0.09055	79.0	13963.91939663887
262	470.78802	101.67736	537.58264	112.93975	1000.0	49.17079	14.815022	64.400665	-2.6820636	5260000	-1.27792354e-08	14.481681	-0.017886825	-1.8910398	-0.27836642	0.0069861948	0.10385	79.0	14017.130028486252
263	476.13223	113.08378	572.03644	120.63578	1000.0	48.80976	15.936906	64.65008	-4.1255345	5280000	-9.536744e-10	13.722593	-0.016849788	-0.6755228	-0.27869913	0.0073458	0.09845	79.0	14069.969051361084
264	492.52277	71.7719	556.4794	224.2056	1000.0	50.42286	13.624681	64.78635	-4.2317057	5300000	-5.888939e-09	14.249631	-0.017234536	-0.8684845	-0.27883294	0.0078262985	0.095	79.0	14123.621757984161
265	472.7126	74.24874	549.1172	285.52716	1000.0	48.967754	15.26551	64.824135	-5.2385597	5320000	-3.4046174e-08	22.538616	-0.018769607	-1.570858	-0.27941316	0.0064524887	0.1202	79.0	14177.507316112518
266	469.79306	131.50465	555.70715	72.997856	1000.0	47.684875	16.795744	64.2772	-3.6923735	5340000	-1.525879e-08	16.331179	-0.016650142	-2.8969564	-0.27992848	0.0077140955	0.08715	79.0	14231.015369653702
267	499.87726	40.4712	556.33795	366.9404	1000.0	52.246395	11.02168	64.76804	10.026686	5360000	-4.2438506e-09	9.067071	-0.01675561	-0.39550686	-0.28017607	0.007243417	0.0957	79.0	14284.018826961517
268	484.66034	73.51304	565.81036	276.94678	1000.0	50.459652	13.773659	64.584595	-1.1650796	5380000	1.3208389e-08	16.483034	-0.017824704	-0.9894371	-0.28073698	0.005652113	0.09595	79.0	14336.446397304535
269	483.9145	126.94225	571.968	-47.745567	1000.0	50.019093	15.137057	64.46324	-4.838037	5400000	-2.0885468e-08	11.295456	-0.016904103	-1.279624	-0.2811935	0.0075400537	0.07705	79.0	14390.233784198761
270	446.76117	122.174355	558.973	81.48038	1000.0	47.56251	17.24302	64.762405	-5.92786	5420000	2.3841858e-08	23.937988	-0.018263267	-3.1132736	-0.28152648	0.0095051145	0.10355	79.0	14444.866981267929
271	443.84137	159.45682	559.3101	51.421387	1000.0	44.695675	19.300962	64.08265	-3.9361563	5440000	-1.335144e-09	19.80919	-0.016834067	-2.022726	-0.28183374	0.0074834884	0.09465	79.0	14498.163980484009
272	499.52133	78.97684	564.92694	169.45302	1000.0	50.996807	13.184795	64.61263	-2.018338	5460000	7.05719e-09	11.284075	-0.016096767	-0.92443943	-0.2817835	0.005704512	0.08365	79.0	14551.764994621277
273	452.27734	113.5171	547.67773	136.85393	1000.0	47.58122	17.85992	64.835434	-4.22967	5480000	-6.198883e-09	22.145489	-0.017813718	-2.1517944	-0.2824323	0.008192997	0.10575	79.0	14606.910128831863
274	435.24838	163.32843	568.0281	-32.86247	1000.0	44.490944	19.423372	64.64503	-5.0580053	5500000	-2.5081635e-08	15.411256	-0.018624108	-1.2099295	-0.2826503	0.008528698	0.0949	79.0	14658.252609491348
